2455 diff  2455 0
3081 diff  626 1
3169 diff  88 2
3033 diff  -136 3
3396 diff  363 4
3244 diff  -152 5
3027 diff  -217 6
3189 diff  162 7
3101 diff  -88 8
2621 diff  -480 9
2810 diff  189 10
3277 diff  467 11
3135 diff  -142 12
3488 diff  353 13
3193 diff  -295 14
3601 diff  408 15
3484 diff  -117 16
3298 diff  -186 17
3563 diff  265 18
3473 diff  -90 19
3738 diff  265 20
3940 diff  202 21
3969 diff  29 22
4043 diff  74 23
3912 diff  -131 24
4271 diff  359 25
4216 diff  -55 26
4236 diff  20 27
4665 diff  429 28
4665 diff  0 29
4625 diff  -40 30
5038 diff  413 31
4751 diff  -287 32
5329 diff  578 33
5305 diff  -24 34
5331 diff  26 35
5283 diff  -48 36
5216 diff  -67 37
5231 diff  15 38
5133 diff  -98 39
5606 diff  473 40
5374 diff  -232 41
5687 diff  313 42
5817 diff  130 43
6307 diff  490 44
5909 diff  -398 45
5918 diff  9 46
6305 diff  387 47
6347 diff  42 48
6317 diff  -30 49
6320 diff  3 50
6411 diff  91 51
6275 diff  -136 52
6417 diff  142 53
6278 diff  -139 54
6541 diff  263 55
6808 diff  267 56
6574 diff  -234 57
6630 diff  56 58
6591 diff  -39 59
7364 diff  773 60
7265 diff  -99 61
7466 diff  201 62
7013 diff  -453 63
7403 diff  390 64
7503 diff  100 65
7330 diff  -173 66
7320 diff  -10 67
7439 diff  119 68
7697 diff  258 69
7882 diff  185 70
7680 diff  -202 71
8016 diff  336 72
8282 diff  266 73
8316 diff  34 74
8358 diff  42 75
8432 diff  74 76
8297 diff  -135 77
8445 diff  148 78
8373 diff  -72 79
8832 diff  459 80
8845 diff  13 81
8731 diff  -114 82
8849 diff  118 83
8886 diff  37 84
8907 diff  21 85
9024 diff  117 86
9257 diff  233 87
9337 diff  80 88
9404 diff  67 89
9583 diff  179 90
9508 diff  -75 91
9840 diff  332 92
9971 diff  131 93
9797 diff  -174 94
10034 diff  237 95
10109 diff  75 96
10089 diff  -20 97
10053 diff  -36 98
10189 diff  136 99
10267 diff  78 100
10345 diff  78 101
Answer part A: 3738
Answer part B: -3899999981777
3900000002467