 x
012
.G. 6
.G. 5
FFF 4
D.E 3 z
??? 2
.A. 1
--- 0
Again from the side:

 y
012
.G. 6
.G. 5
.F. 4
??? 3 z
B.C 2
AAA 1
--- 0

621494544278648
621658223186043

0 2 3 7 10 11 12 16 17 19 22 25 26 27 29 30 32 34 37 38 40 41 42 44 45 46 48 49 51 52 55 59 60 61 62 64 67 68 69 70 71 72 75 76 78 79 80 81 84 85 86 87 88 90 92 94 95 96 99 100 101 103 104 106 107 108 109 110 111 114 115 117 118 121 122 124 125 127 128 129 130 133 134 136 137 139 140 142 143 144 145 146 153 155 156 157 158 159 160 164 165 167 168 170 171 172 173 174 175 176 177 178 179 180 182 183 185 187 188 189 190 191 193 197 198 199 202 203 205 206 208 212 214 215 217 218 220 221 224 227 228 229 230 232 233 234 235 237 238 240 243 244 245 246 247 249 250 251 252 254 255 257 258 260 262 263 264 266 267 269 270 272 276 277 278 280 282 284 285 286 288 289 290 293 294 296 297 298 299 300 301 303 305 306 308 309 310 311 312 313 315 317 318 320 321 322 325 326 327 328 331 332 335 336 337 338 340 341 342 343 344 346 347 348 349 350 354 355 358 359 360 363 365 366 371 374 375 381 383 384 385 386 387 389 391 393 394 395 396 399 400 401 405 409 412 413 415 416 417 418 420 421 423 424 425 429 430 431 432 433 438 439 440 442 444 447 448 449 450 453 455 457 458 459 460 464 465 466 467 468 469 472 473 474 475 476 478 479 480 481 484 485 486 487 490 492 493 498 499 500 503 504 505 506 507 508 510 511 513 514 517 518 519 520 521 524 525 527 529 532 534 535 536 537 538 539 541 542 543 545 546 547 548 550 551 552 553 554 555 556 557 558 559 560 561 563 564 565 566 568 569 570 572 573 575 577 578 584 585 587 590 591 592 593 594 597 598 601 602 603 605 606 607 608 610 611 615 618 619 620 621 624 625 626 628 631 633 634 635 636 637 638 640 644 645 646 647 649 651 653 655 656 657 658 660 661 662 663 664 665 667 668 669 670 671 672 673 676 678 679 681 683 684 685 687 691 692 693 694 695 697 698 700 701 703 704 706 707 708 709 710 711 712 713 715 716 717 719 721 722 723 724 726 727 728 729 730 731 732 734 736 738 739 740 741 742 743 744 747 748 749 752 753 754 755 756 757 758 760 761 762 763 765 766 767 771 772 773 774 776 777 778 779 780 782 784 785 786 788 789 790 791 793 794 796 797 799 800 802 803 804 806 809 810 811 812 814 816 818 820 821 823 824 825 827 829 830 831 833 834 835 836 837 838 839 840 841 844 845 847 848 849 850 851 852 853 854 856 857 860 861 862 863 864 865 866 867 868 869 870 872 873 874 875 876 878 879 882 884 885 888 889 890 891 892 894 897 899 900 901 902 903 904 906 907 909 910 911 912 913 915 917 918 919 920 922 923 924 925 927 928 932 933 935 936 937 940 941 943 944 945 947 949 950 951 952 954 955 957 958 959 961 962 963 965 966 967 968 969 971 972 973 974 975 976 978 980 981 982 983 986 987 988 990 992 993 995 996 999 1000 1001 1002 1004 1006 1007 1008 1009 1010 1014 1016 1017 1018 1019 1020 1021 1022 1023 1024 1025 1026 1027 1028 1029 1031 1032 1033 1034 1036 1037 1038 1039 1040 1042 1043 1046 1047 1048 1049 1050 1051 1052 1053 1055 1059 1061 1062 1065 1066 1068 1071 1072 1073 1075 1080 1081 1084 1085 1086 1087 1088 1089 1090 1091 1092 1094 1095 1096 1097 1098 1100 1102 1103 1106 1108 1109 1113 1114 1115 1116 1117 1118 1119 1120 1121 1122 1123 1124 1125 1127 1128 1131 1132 1133 1134 1135 1136 1138 1140 1141 1142 1144 1145 1147 1148 1149 1150 1153 1155 1158 1159 1160 1161 1162 1163 1165 1167 1168 1170 1171 1173 1175 1177 1180 1181 1182 1184 1185 1186 1187 1188 1189 1190 1191 1193 1195 1196 1197 1199 1201 1202 1203 1204 1205 1206 1208 1209 1210 1211 1212 1213 1215 1216 1218 1223 1224 1228 1230 1231 1232 1233 1234 1235 1236 1237 1238 1240 1242 1243 1244 1250 1252 1255 1256 1257 1259 1260 1261 1262 1264 1265 1267 1269 1270 1271 1272 1273 1274 1275 1278 1279 1280 1281 1283 1284 1285 1287 1289 1291 1292 1295 1298 1299 1301 1302 1303 1304 1305 1307 1309 1312 1313 1314 1315 1316 1321 1322 1323 1325 1326 1329 1330 1332 1333 1334 1336 1337 1340 1342 1346 1347 1348 1349 1350 1351 1353 1354 1356 1357 1358 1363 1365 1366 1367 1368 1369 1370 1371 1374 1375 1376 1378 1379 1382 1387 1388 1390 1391 1392 1393 1396 1398 1399 1400 1401 1408 1409 1410 1411 1412 1413 1414 1417 1420 1422 1423 1425 1426 1427 1428 1429 
           11             22    26    29    32 34 37                45 46 48       52 55 59    61 62 64 67    69    71 72    76    79 80    84 85 86 88 90 100 108 111 115 117 121 122 124 128 129 130 137 139 145 155 156 157 158 165 167 170 171 175 176 177 185 190 199 203 208 214 218 221 228 229 230 232 234 235 237 240 245 257 260 264 266 269 270 278 280 284 285 288 289 293 297 298 301 305 306 310 311 318 321 327 328 332 335 336 338 342 343 344 346 350 354 355 363 365 366 375 383 385 389 391 399 401 405 409 412 413 415 418 420 423 429 442 444 447 448 455 458 464 465 466 467 469 473 474 475 479 484 486 487 492 493 499 505 506 511 513 514 517 518 520 521 524 525 532 534 537 538 539 542 545 546 550 551 553 554 555 557 560 561 563 564 566 575 584 585 591 592 593 594 602 607 610 615 618 619 625 626 628 634 636 637 645 647 651 653 655 656 657 658 660 662 664 671 672 678 679 681 683 685 691 692 694 697 701 703 704 706 707 708 713 715 716 717 721 722 723 724 726 727 730 738 739 741 743 744 747 754 755 757 760 763 767 774 778 779 780 784 785 790 794 796 800 804 809 816 818 821 823 827 830 834 835 838 840 844 847 849 850 853 854 860 863 870 872 875 878 879 882 885 889 891 901 902 906 907 909 910 911 915 918 919 920 922 923 924 925 928 936 945 947 949 951 959 963 966 967 968 969 972 973 975 978 980 982 983 986 987 993 996 999 1000 1001 1004 1006 1007 1008 1010 1025 1031 1032 1034 1036 1037 1040 1043 1046 1047 1061 1062 1075 1086 1087 1088 1090 1091 1092 1102 1106 1109 1114 1116 1122 1132 1134 1140 1141 1142 1148 1150 1153 1159 1161 1163 1167 1171 1182 1186 1188 1190 1191 1193 1196 1197 1201 1202 1203 1204 1206 1209 1215 1228 1234 1236 1238 1240 1242 1250 1252 1255 1256 1262 1264 1265 1271 1273 1280 1284 1287 1289 1291 1292 1295 1298 1299 1302 1304 1305 1315 1322 1323 1326 1332 1336 1337 1340 1346 1347 1350 1354 1357 1363 1367 1369 1371 1375 1376 1388 1391 1401 1412 1417 1422 1425 1428 1429 
