(6,6)(2,4)(347,347) 0
(6,6)(2,4)(1,1) 0
(2,2)(4,4)(228,229) 1
(2,2)(4,4)(1,2) 1
(6,6)(6,9)(148,148) 2
(6,6)(6,9)(1,1) 2
(0,2)(4,4)(343,343) 3
(0,2)(4,4)(3,3) 3
(3,6)(6,6)(32,32) 4
(3,6)(6,6)(2,2) 4
(3,6)(4,4)(63,63) 5
(3,6)(4,4)(2,2) 5
(6,8)(7,7)(127,127) 6
(6,8)(7,7)(2,2) 6
(2,3)(9,9)(58,58) 7
(2,3)(9,9)(1,1) 7
(6,6)(9,9)(171,171) 8
(6,6)(9,9)(2,2) 8
(3,7)(3,3)(142,142) 9
(3,7)(3,3)(2,2) 9
(3,3)(7,8)(129,129) 10
(3,3)(7,8)(1,1) 10
(3,4)(1,1)(44,44) 11
(3,4)(1,1)(1,1) 11
(6,6)(5,7)(25,25) 12
(6,6)(5,7)(3,3) 12
(6,6)(7,7)(239,239) 13
(6,6)(7,7)(4,4) 13
(2,4)(4,4)(339,339) 14
(2,4)(4,4)(4,4) 14
(7,7)(7,8)(53,53) 15
(7,7)(7,8)(3,3) 15
(7,7)(0,1)(301,301) 16
(7,7)(0,1)(1,1) 16
(9,9)(1,3)(13,13) 17
(9,9)(1,3)(1,1) 17
(3,5)(9,9)(328,328) 18
(3,5)(9,9)(2,2) 18
(8,8)(0,0)(57,59) 19
(8,8)(0,0)(1,3) 19
(8,8)(0,1)(56,56) 20
(8,8)(0,1)(4,4) 20
(5,8)(6,6)(237,237) 21
(5,8)(6,6)(4,4) 21
(2,2)(7,9)(10,10) 22
(2,2)(7,9)(2,2) 22
(4,4)(4,5)(130,130) 23
(4,4)(4,5)(5,5) 23
(9,9)(4,4)(285,287) 24
(9,9)(4,4)(1,3) 24
(9,9)(2,2)(52,54) 25
(9,9)(2,2)(2,4) 25
(8,8)(3,5)(208,208) 26
(8,8)(3,5)(1,1) 26
(4,4)(3,5)(186,186) 27
(4,4)(3,5)(6,6) 27
(6,8)(0,0)(31,31) 28
(6,8)(0,0)(5,5) 28
(3,3)(1,4)(84,84) 29
(3,3)(1,4)(5,5) 29
(2,2)(4,6)(279,279) 30
(2,2)(4,6)(5,5) 30
(4,7)(4,4)(282,282) 31
(4,7)(4,4)(7,7) 31
(4,4)(7,8)(87,87) 32
(4,4)(7,8)(1,1) 32
(2,2)(5,6)(184,184) 33
(2,2)(5,6)(6,6) 33
(5,5)(2,3)(23,23) 34
(5,5)(2,3)(3,3) 34
(5,5)(8,9)(339,339) 35
(5,5)(8,9)(3,3) 35
(1,3)(8,8)(333,333) 36
(1,3)(8,8)(3,3) 36
(7,7)(7,9)(57,57) 37
(7,7)(7,9)(4,4) 37
(5,5)(0,3)(27,27) 38
(5,5)(0,3)(4,4) 38
(3,3)(6,6)(228,230) 39
(3,3)(6,6)(3,5) 39
(3,5)(0,0)(101,101) 40
(3,5)(0,0)(5,5) 40
(7,7)(8,8)(136,138) 41
(7,7)(8,8)(5,7) 41
(0,0)(2,2)(82,84) 42
(0,0)(2,2)(1,3) 42
(0,0)(5,8)(301,301) 43
(0,0)(5,8)(1,1) 43
(5,5)(0,1)(286,286) 44
(5,5)(0,1)(6,6) 44
(2,2)(6,8)(25,25) 45
(2,2)(6,8)(7,7) 45
(0,1)(0,0)(338,338) 46
(0,1)(0,0)(1,1) 46
(3,3)(7,9)(52,52) 47
(3,3)(7,9)(4,4) 47
(1,3)(6,6)(127,127) 48
(1,3)(6,6)(8,8) 48
(7,7)(4,7)(136,136) 49
(7,7)(4,7)(8,8) 49
(7,9)(7,7)(242,242) 50
(7,9)(7,7)(9,9) 50
(2,4)(0,0)(360,360) 51
(2,4)(0,0)(6,6) 51
(2,2)(8,8)(117,119) 52
(2,2)(8,8)(8,10) 52
(9,9)(2,2)(8,10) 53
(9,9)(2,2)(5,7) 53
(3,3)(6,7)(143,143) 54
(3,3)(6,7)(9,9) 54
(0,0)(2,4)(30,30) 55
(0,0)(2,4)(4,4) 55
(8,8)(8,8)(351,352) 56
(8,8)(8,8)(1,2) 56
(8,8)(5,7)(14,14) 57
(8,8)(5,7)(10,10) 57
(7,7)(3,5)(229,229) 58
(7,7)(3,5)(9,9) 58
(5,5)(6,7)(110,110) 59
(5,5)(6,7)(5,5) 59
(6,6)(4,4)(91,92) 60
(6,6)(4,4)(8,9) 60
(3,3)(1,3)(226,226) 61
(3,3)(1,3)(6,6) 61
(6,9)(7,7)(184,184) 62
(6,9)(7,7)(11,11) 62
(2,2)(1,4)(253,253) 63
(2,2)(1,4)(6,6) 63
(7,7)(7,9)(21,21) 64
(7,7)(7,9)(12,12) 64
(7,7)(9,9)(4,5) 65
(7,7)(9,9)(1,2) 65
(0,3)(9,9)(212,212) 66
(0,3)(9,9)(5,5) 66
(1,3)(6,6)(48,48) 67
(1,3)(6,6)(10,10) 67
(2,4)(8,8)(154,154) 68
(2,4)(8,8)(11,11) 68
(7,7)(4,6)(116,116) 69
(7,7)(4,6)(10,10) 69
(1,4)(7,7)(251,251) 70
(1,4)(7,7)(10,10) 70
(5,5)(4,7)(310,310) 71
(5,5)(4,7)(8,8) 71
(5,6)(8,8)(206,206) 72
(5,6)(8,8)(4,4) 72
(0,0)(3,6)(52,52) 73
(0,0)(3,6)(5,5) 73
(4,7)(0,0)(24,24) 74
(4,7)(0,0)(7,7) 74
(0,3)(3,3)(26,26) 75
(0,3)(3,3)(7,7) 75
(4,4)(3,3)(241,242) 76
(4,4)(3,3)(7,8) 76
(8,8)(5,7)(48,48) 77
(8,8)(5,7)(12,12) 77
(3,3)(1,1)(269,269) 78
(3,3)(1,1)(7,7) 78
(2,4)(3,3)(286,286) 79
(2,4)(3,3)(9,9) 79
(9,9)(5,5)(244,246) 80
(9,9)(5,5)(1,3) 80
(3,5)(9,9)(4,4) 81
(3,5)(9,9)(4,4) 81
(6,8)(1,1)(1,1) 82
(6,8)(1,1)(1,1) 82
(3,3)(0,1)(270,270) 83
(3,3)(0,1)(8,8) 83
(5,8)(1,1)(111,111) 84
(5,8)(1,1)(7,7) 84
(9,9)(1,3)(346,346) 85
(9,9)(1,3)(8,8) 85
(6,6)(0,2)(310,310) 86
(6,6)(0,2)(8,8) 86
(1,1)(2,4)(119,119) 87
(1,1)(2,4)(8,8) 87
(7,7)(9,9)(191,193) 88
(7,7)(9,9)(13,15) 88
(9,9)(5,5)(337,340) 89
(9,9)(5,5)(4,7) 89
(3,6)(3,3)(278,278) 90
(3,6)(3,3)(10,10) 90
(1,1)(4,7)(220,220) 91
(1,1)(4,7)(11,11) 91
(4,4)(6,7)(129,129) 92
(4,4)(6,7)(11,11) 92
(4,7)(9,9)(26,26) 93
(4,7)(9,9)(16,16) 93
(6,9)(8,8)(350,350) 94
(6,9)(8,8)(13,13) 94
(2,4)(8,8)(95,95) 95
(2,4)(8,8)(12,12) 95
(2,4)(5,5)(285,285) 96
(2,4)(5,5)(7,7) 96
(6,6)(7,7)(294,297) 97
(6,6)(7,7)(12,15) 97
(0,2)(4,4)(345,345) 98
(0,2)(4,4)(12,12) 98
(0,0)(0,0)(81,83) 99
(0,0)(0,0)(2,4) 99
(6,6)(1,3)(26,26) 100
(6,6)(1,3)(11,11) 100
(1,4)(4,4)(66,66) 101
(1,4)(4,4)(13,13) 101
(4,4)(1,3)(21,21) 102
(4,4)(1,3)(11,11) 102
(1,4)(1,1)(229,229) 103
(1,4)(1,1)(12,12) 103
(8,8)(1,4)(284,284) 104
(8,8)(1,4)(8,8) 104
(7,9)(0,0)(88,88) 105
(7,9)(0,0)(8,8) 105
(1,3)(8,8)(149,149) 106
(1,3)(8,8)(13,13) 106
(8,8)(0,3)(116,116) 107
(8,8)(0,3)(9,9) 107
(6,6)(2,4)(125,125) 108
(6,6)(2,4)(12,12) 108
(6,6)(0,3)(323,323) 109
(6,6)(0,3)(13,13) 109
(3,6)(2,2)(128,128) 110
(3,6)(2,2)(14,14) 110
(9,9)(6,8)(115,115) 111
(9,9)(6,8)(14,14) 111
(6,6)(2,4)(312,312) 112
(6,6)(2,4)(15,15) 112
(8,8)(6,8)(241,241) 113
(8,8)(6,8)(14,14) 113
(2,3)(9,9)(276,276) 114
(2,3)(9,9)(6,6) 114
(6,6)(1,2)(136,136) 115
(6,6)(1,2)(16,16) 115
(8,8)(6,6)(171,172) 116
(8,8)(6,6)(15,16) 116
(6,6)(4,6)(280,280) 117
(6,6)(4,6)(16,16) 117
(4,7)(0,0)(282,282) 118
(4,7)(0,0)(14,14) 118
(3,3)(0,2)(213,213) 119
(3,3)(0,2)(15,15) 119
(4,4)(3,5)(90,90) 120
(4,4)(3,5)(14,14) 120
(7,7)(0,2)(60,60) 121
(7,7)(0,2)(15,15) 121
(7,7)(2,2)(98,98) 122
(7,7)(2,2)(16,16) 122
(5,7)(7,7)(48,48) 123
(5,7)(7,7)(16,16) 123
(6,6)(3,3)(111,113) 124
(6,6)(3,3)(16,18) 124
(1,1)(3,5)(296,296) 125
(1,1)(3,5)(14,14) 125
(0,0)(7,9)(286,286) 126
(0,0)(7,9)(6,6) 126
(4,5)(7,7)(195,195) 127
(4,5)(7,7)(17,17) 127
(9,9)(7,7)(11,13) 128
(9,9)(7,7)(10,12) 128
(3,5)(0,0)(162,162) 129
(3,5)(0,0)(16,16) 129
(3,4)(0,0)(117,117) 130
(3,4)(0,0)(17,17) 130
(2,4)(9,9)(55,55) 131
(2,4)(9,9)(17,17) 131
(4,4)(3,5)(246,246) 132
(4,4)(3,5)(15,15) 132
(7,9)(6,6)(33,33) 133
(7,9)(6,6)(17,17) 133
(2,4)(9,9)(222,222) 134
(2,4)(9,9)(18,18) 134
(1,3)(0,0)(313,313) 135
(1,3)(0,0)(18,18) 135
(8,8)(4,6)(279,279) 136
(8,8)(4,6)(18,18) 136
(2,2)(5,8)(20,20) 137
(2,2)(5,8)(14,14) 137
(4,6)(0,0)(146,146) 138
(4,6)(0,0)(18,18) 138
(3,3)(0,1)(140,140) 139
(3,3)(0,1)(19,19) 139
(1,1)(1,3)(263,263) 140
(1,1)(1,3)(15,15) 140
(1,1)(3,6)(41,41) 141
(1,1)(3,6)(16,16) 141
(1,4)(8,8)(120,120) 142
(1,4)(8,8)(15,15) 142
(1,1)(3,5)(312,312) 143
(1,1)(3,5)(17,17) 143
(8,8)(7,9)(13,13) 144
(8,8)(7,9)(13,13) 144
(3,3)(5,7)(80,80) 145
(3,3)(5,7)(11,11) 145
(1,3)(3,3)(180,180) 146
(1,3)(3,3)(18,18) 146
(2,2)(6,6)(163,166) 147
(2,2)(6,6)(15,18) 147
(2,3)(9,9)(277,277) 148
(2,3)(9,9)(19,19) 148
(7,7)(6,8)(245,245) 149
(7,7)(6,8)(18,18) 149
(1,1)(8,8)(226,227) 150
(1,1)(8,8)(16,17) 150
(1,1)(5,7)(125,125) 151
(1,1)(5,7)(18,18) 151
(2,2)(5,7)(39,39) 152
(2,2)(5,7)(19,19) 152
(3,5)(7,7)(241,241) 153
(3,5)(7,7)(18,18) 153
(6,7)(3,3)(341,341) 154
(6,7)(3,3)(19,19) 154
(6,6)(0,3)(288,288) 155
(6,6)(0,3)(20,20) 155
(2,2)(5,7)(321,321) 156
(2,2)(5,7)(20,20) 156
(2,2)(5,8)(296,296) 157
(2,2)(5,8)(21,21) 157
(6,9)(9,9)(237,237) 158
(6,9)(9,9)(17,17) 158
(2,2)(6,9)(9,9) 159
(2,2)(6,9)(9,9) 159
(0,2)(1,1)(192,192) 160
(0,2)(1,1)(16,16) 160
(2,2)(0,3)(332,332) 161
(2,2)(0,3)(19,19) 161
(3,3)(0,2)(29,29) 162
(3,3)(0,2)(20,20) 162
(6,8)(7,7)(210,210) 163
(6,8)(7,7)(19,19) 163
(7,7)(2,3)(184,184) 164
(7,7)(2,3)(20,20) 164
(9,9)(0,3)(289,289) 165
(9,9)(0,3)(9,9) 165
(4,4)(7,9)(295,295) 166
(4,4)(7,9)(19,19) 166
(5,6)(3,3)(224,224) 167
(5,6)(3,3)(21,21) 167
(0,0)(1,4)(303,303) 168
(0,0)(1,4)(17,17) 168
(5,5)(3,3)(78,80) 169
(5,5)(3,3)(22,24) 169
(8,8)(0,3)(248,248) 170
(8,8)(0,3)(10,10) 170
(7,7)(3,6)(332,332) 171
(7,7)(3,6)(21,21) 171
(4,4)(3,5)(69,69) 172
(4,4)(3,5)(16,16) 172
(7,7)(1,4)(104,104) 173
(7,7)(1,4)(22,22) 173
(1,1)(1,3)(233,233) 174
(1,1)(1,3)(19,19) 174
(9,9)(1,3)(232,232) 175
(9,9)(1,3)(10,10) 175
(2,4)(6,6)(102,102) 176
(2,4)(6,6)(22,22) 176
(2,2)(5,7)(107,107) 177
(2,2)(5,7)(23,23) 177
(1,1)(0,0)(2,4) 178
(1,1)(0,0)(2,4) 178
(4,6)(4,4)(269,269) 179
(4,6)(4,4)(17,17) 179
(1,2)(8,8)(152,152) 180
(1,2)(8,8)(22,22) 180
(0,3)(4,4)(335,335) 181
(0,3)(4,4)(18,18) 181
(4,4)(2,4)(221,221) 182
(4,4)(2,4)(18,18) 182
(0,0)(1,4)(239,239) 183
(0,0)(1,4)(19,19) 183
(2,4)(7,7)(128,128) 184
(2,4)(7,7)(24,24) 184
(0,1)(9,9)(162,162) 185
(0,1)(9,9)(7,7) 185
(9,9)(6,7)(259,259) 186
(9,9)(6,7)(18,18) 186
(1,3)(6,6)(12,12) 187
(1,3)(6,6)(12,12) 187
(7,7)(6,9)(183,183) 188
(7,7)(6,9)(22,22) 188
(5,5)(5,5)(128,128) 189
(5,5)(5,5)(9,9) 189
(0,2)(7,7)(11,11) 190
(0,2)(7,7)(11,11) 190
(8,9)(5,5)(36,36) 191
(8,9)(5,5)(19,19) 191
(8,9)(3,3)(89,89) 192
(8,9)(3,3)(11,11) 192
(4,6)(0,0)(202,202) 193
(4,6)(0,0)(21,21) 193
(1,3)(9,9)(172,172) 194
(1,3)(9,9)(20,20) 194
(1,4)(0,0)(102,102) 195
(1,4)(0,0)(22,22) 195
(3,3)(7,8)(93,93) 196
(3,3)(7,8)(25,25) 196
(0,2)(6,6)(105,105) 197
(0,2)(6,6)(24,24) 197
(7,7)(6,7)(336,336) 198
(7,7)(6,7)(23,23) 198
(7,7)(1,3)(53,53) 199
(7,7)(1,3)(23,23) 199
(6,8)(9,9)(178,178) 200
(6,8)(9,9)(23,23) 200
(4,4)(3,5)(123,123) 201
(4,4)(3,5)(19,19) 201
(3,3)(5,8)(1,1) 202
(3,3)(5,8)(1,1) 202
(4,4)(6,7)(205,205) 203
(4,4)(6,7)(25,25) 203
(0,3)(0,0)(92,92) 204
(0,3)(0,0)(23,23) 204
(6,9)(8,8)(158,158) 205
(6,9)(8,8)(23,23) 205
(7,7)(6,8)(58,58) 206
(7,7)(6,8)(24,24) 206
(6,6)(5,6)(210,210) 207
(6,6)(5,6)(17,17) 207
(7,7)(3,4)(164,164) 208
(7,7)(3,4)(24,24) 208
(4,4)(1,4)(304,304) 209
(4,4)(1,4)(20,20) 209
(3,5)(8,8)(321,321) 210
(3,5)(8,8)(26,26) 210
(7,8)(8,8)(181,181) 211
(7,8)(8,8)(25,25) 211
(0,0)(2,5)(300,300) 212
(0,0)(2,5)(20,20) 212
(4,4)(0,0)(3,7) 213
(4,4)(0,0)(1,5) 213
(6,6)(3,6)(96,96) 214
(6,6)(3,6)(22,22) 214
(5,5)(7,8)(318,318) 215
(5,5)(7,8)(27,27) 215
(9,9)(0,2)(323,323) 216
(9,9)(0,2)(11,11) 216
(8,8)(3,4)(166,166) 217
(8,8)(3,4)(19,19) 217
(2,6)(7,7)(336,336) 218
(2,6)(7,7)(28,28) 218
(6,8)(7,7)(208,208) 219
(6,8)(7,7)(29,29) 219
(5,7)(0,0)(253,253) 220
(5,7)(0,0)(22,22) 220
(2,2)(2,3)(209,209) 221
(2,2)(2,3)(20,20) 221
(9,9)(3,6)(318,318) 222
(9,9)(3,6)(20,20) 222
(4,5)(4,4)(182,182) 223
(4,5)(4,4)(21,21) 223
(3,6)(9,9)(353,353) 224
(3,6)(9,9)(24,24) 224
(1,4)(9,9)(161,161) 225
(1,4)(9,9)(25,25) 225
(2,2)(8,9)(170,170) 226
(2,2)(8,9)(26,26) 226
(2,2)(0,2)(244,244) 227
(2,2)(0,2)(24,24) 227
(2,2)(1,3)(102,102) 228
(2,2)(1,3)(25,25) 228
(1,1)(5,7)(258,258) 229
(1,1)(5,7)(25,25) 229
(0,0)(7,9)(14,14) 230
(0,0)(7,9)(12,12) 230
(5,5)(1,3)(17,17) 231
(5,5)(1,3)(15,15) 231
(4,7)(6,6)(225,225) 232
(4,7)(6,6)(26,26) 232
(0,0)(2,4)(148,148) 233
(0,0)(2,4)(21,21) 233
(7,9)(9,9)(127,127) 234
(7,9)(9,9)(24,24) 234
(2,2)(5,6)(277,277) 235
(2,2)(5,6)(25,25) 235
(2,2)(1,4)(4,4) 236
(2,2)(1,4)(4,4) 236
(4,4)(3,5)(32,32) 237
(4,4)(3,5)(22,22) 237
(7,7)(0,2)(224,224) 238
(7,7)(0,2)(24,24) 238
(4,4)(1,3)(314,314) 239
(4,4)(1,3)(23,23) 239
(8,8)(0,2)(217,217) 240
(8,8)(0,2)(11,11) 240
(2,2)(4,4)(39,39) 241
(2,2)(4,4)(19,19) 241
(7,9)(4,4)(217,217) 242
(7,9)(4,4)(25,25) 242
(2,3)(6,6)(283,283) 243
(2,3)(6,6)(26,26) 243
(3,3)(4,6)(191,191) 244
(3,3)(4,6)(27,27) 244
(6,6)(2,5)(1,1) 245
(6,6)(2,5)(1,1) 245
(9,9)(1,1)(123,123) 246
(9,9)(1,1)(12,12) 246
(4,5)(4,4)(235,235) 247
(4,5)(4,4)(23,23) 247
(7,7)(2,3)(354,354) 248
(7,7)(2,3)(25,25) 248
(3,4)(5,5)(12,12) 249
(3,4)(5,5)(12,12) 249
(8,9)(1,1)(174,174) 250
(8,9)(1,1)(13,13) 250
(5,8)(4,4)(131,131) 251
(5,8)(4,4)(26,26) 251
(2,2)(0,1)(33,33) 252
(2,2)(0,1)(26,26) 252
(2,4)(3,3)(127,127) 253
(2,4)(3,3)(26,26) 253
(3,5)(2,2)(278,278) 254
(3,5)(2,2)(24,24) 254
(2,2)(3,6)(5,5) 255
(2,2)(3,6)(5,5) 255
(4,4)(5,7)(297,297) 256
(4,4)(5,7)(29,29) 256
(5,5)(2,4)(185,185) 257
(5,5)(2,4)(27,27) 257
(2,2)(1,3)(76,76) 258
(2,2)(1,3)(27,27) 258
(4,7)(8,8)(123,123) 259
(4,7)(8,8)(28,28) 259
(2,3)(2,2)(268,268) 260
(2,3)(2,2)(28,28) 260
(5,5)(2,3)(167,167) 261
(5,5)(2,3)(28,28) 261
(9,9)(0,3)(15,15) 262
(9,9)(0,3)(14,14) 262
(1,1)(6,9)(109,109) 263
(1,1)(6,9)(26,26) 263
(5,5)(7,9)(147,147) 264
(5,5)(7,9)(29,29) 264
(6,9)(2,2)(278,278) 265
(6,9)(2,2)(26,26) 265
(8,9)(4,4)(108,108) 266
(8,9)(4,4)(27,27) 266
(9,9)(1,3)(312,312) 267
(9,9)(1,3)(27,27) 267
(3,4)(2,2)(47,47) 268
(3,4)(2,2)(29,29) 268
(4,4)(0,2)(29,29) 269
(4,4)(0,2)(25,25) 269
(3,3)(3,5)(295,295) 270
(3,3)(3,5)(28,28) 270
(6,8)(6,6)(102,102) 271
(6,8)(6,6)(27,27) 271
(0,2)(1,1)(338,338) 272
(0,2)(1,1)(28,28) 272
(9,9)(2,5)(142,142) 273
(9,9)(2,5)(28,28) 273
(2,2)(5,6)(28,28) 274
(2,2)(5,6)(27,27) 274
(1,2)(5,5)(145,145) 275
(1,2)(5,5)(28,28) 275
(1,1)(2,4)(142,142) 276
(1,1)(2,4)(20,20) 276
(0,0)(4,7)(135,135) 277
(0,0)(4,7)(25,25) 277
(6,9)(8,8)(355,355) 278
(6,9)(8,8)(29,29) 278
(0,2)(3,3)(51,51) 279
(0,2)(3,3)(28,28) 279
(2,2)(1,4)(254,254) 280
(2,2)(1,4)(29,29) 280
(8,8)(7,8)(34,34) 281
(8,8)(7,8)(30,30) 281
(2,4)(5,5)(294,294) 282
(2,4)(5,5)(30,30) 282
(1,1)(4,6)(107,107) 283
(1,1)(4,6)(29,29) 283
(7,7)(4,7)(292,292) 284
(7,7)(4,7)(30,30) 284
(0,3)(8,8)(172,172) 285
(0,3)(8,8)(27,27) 285
(8,8)(0,2)(201,201) 286
(8,8)(0,2)(27,27) 286
(5,7)(0,0)(317,317) 287
(5,7)(0,0)(25,25) 287
(9,9)(0,2)(6,6) 288
(9,9)(0,2)(5,5) 288
(5,5)(1,3)(212,212) 289
(5,5)(1,3)(29,29) 289
(2,4)(3,3)(48,48) 290
(2,4)(3,3)(30,30) 290
(0,1)(7,7)(17,17) 291
(0,1)(7,7)(13,13) 291
(2,4)(4,4)(206,206) 292
(2,4)(4,4)(30,30) 292
(6,6)(4,6)(66,66) 293
(6,6)(4,6)(28,28) 293
(1,3)(7,7)(271,271) 294
(1,3)(7,7)(29,29) 294
(7,7)(7,9)(345,345) 295
(7,7)(7,9)(31,31) 295
(4,7)(4,4)(38,38) 296
(4,7)(4,4)(31,31) 296
(7,7)(2,4)(303,303) 297
(7,7)(2,4)(32,32) 297
(5,7)(8,8)(118,118) 298
(5,7)(8,8)(32,32) 298
(3,3)(2,4)(88,88) 299
(3,3)(2,4)(31,31) 299
(4,6)(4,4)(355,355) 300
(4,6)(4,4)(32,32) 300
(4,4)(3,6)(40,40) 301
(4,4)(3,6)(33,33) 301
(7,7)(7,9)(55,55) 302
(7,7)(7,9)(33,33) 302
(4,7)(3,3)(290,290) 303
(4,7)(3,3)(34,34) 303
(0,0)(6,7)(163,163) 304
(0,0)(6,7)(26,26) 304
(7,7)(2,3)(1,1) 305
(7,7)(2,3)(1,1) 305
(6,9)(7,7)(4,4) 306
(6,9)(7,7)(4,4) 306
(1,4)(6,6)(111,111) 307
(1,4)(6,6)(34,34) 307
(1,1)(3,4)(96,96) 308
(1,1)(3,4)(30,30) 308
(9,9)(2,3)(1,1) 309
(9,9)(2,3)(1,1) 309
(0,2)(0,0)(315,315) 310
(0,2)(0,0)(27,27) 310
(2,3)(5,5)(35,35) 311
(2,3)(5,5)(31,31) 311
(5,5)(1,4)(187,187) 312
(5,5)(1,4)(35,35) 312
(7,7)(0,3)(237,237) 313
(7,7)(0,3)(35,35) 313
(1,1)(4,5)(67,67) 314
(1,1)(4,5)(31,31) 314
(6,6)(4,7)(41,41) 315
(6,6)(4,7)(33,33) 315
(9,9)(3,5)(8,8) 316
(9,9)(3,5)(8,8) 316
(4,4)(5,8)(173,173) 317
(4,4)(5,8)(35,35) 317
(2,5)(6,6)(281,281) 318
(2,5)(6,6)(36,36) 318
(8,8)(3,6)(211,211) 319
(8,8)(3,6)(28,28) 319
(6,6)(0,0)(94,97) 320
(6,6)(0,0)(26,29) 320
(2,2)(9,9)(298,300) 321
(2,2)(9,9)(27,29) 321
(0,0)(3,5)(72,72) 322
(0,0)(3,5)(29,29) 322
(3,3)(2,4)(58,58) 323
(3,3)(2,4)(32,32) 323
(0,0)(6,8)(174,174) 324
(0,0)(6,8)(28,28) 324
(0,3)(7,7)(206,206) 325
(0,3)(7,7)(30,30) 325
(4,4)(7,9)(201,201) 326
(4,4)(7,9)(36,36) 326
(2,2)(4,6)(81,81) 327
(2,2)(4,6)(37,37) 327
(4,5)(9,9)(226,226) 328
(4,5)(9,9)(37,37) 328
(0,0)(2,4)(115,115) 329
(0,0)(2,4)(30,30) 329
(5,5)(3,5)(264,264) 330
(5,5)(3,5)(36,36) 330
(1,3)(2,2)(310,310) 331
(1,3)(2,2)(33,33) 331
(2,2)(7,8)(129,129) 332
(2,2)(7,8)(31,31) 332
(3,4)(4,4)(188,188) 333
(3,4)(4,4)(34,34) 333
(5,5)(1,4)(89,89) 334
(5,5)(1,4)(37,37) 334
(7,9)(5,5)(226,226) 335
(7,9)(5,5)(31,31) 335
(0,0)(6,9)(210,210) 336
(0,0)(6,9)(31,31) 336
(5,5)(3,5)(319,319) 337
(5,5)(3,5)(38,38) 337
(8,8)(0,3)(172,172) 338
(8,8)(0,3)(29,29) 338
(6,6)(3,5)(137,137) 339
(6,6)(3,5)(35,35) 339
(2,2)(0,2)(106,106) 340
(2,2)(0,2)(34,34) 340
(2,2)(2,4)(246,246) 341
(2,2)(2,4)(38,38) 341
(2,2)(5,5)(151,154) 342
(2,2)(5,5)(38,41) 342
(1,3)(6,6)(169,169) 343
(1,3)(6,6)(38,38) 343
(9,9)(0,2)(216,216) 344
(9,9)(0,2)(29,29) 344
(2,2)(5,7)(222,222) 345
(2,2)(5,7)(42,42) 345
(5,7)(4,4)(219,219) 346
(5,7)(4,4)(39,39) 346
(2,4)(4,4)(180,180) 347
(2,4)(4,4)(39,39) 347
(1,1)(6,6)(265,266) 348
(1,1)(6,6)(39,40) 348
(6,9)(3,3)(274,274) 349
(6,9)(3,3)(36,36) 349
(5,5)(0,1)(36,36) 350
(5,5)(0,1)(36,36) 350
(2,5)(5,5)(326,326) 351
(2,5)(5,5)(43,43) 351
(4,7)(1,1)(307,307) 352
(4,7)(1,1)(38,38) 352
(6,6)(0,3)(22,22) 353
(6,6)(0,3)(22,22) 353
(7,7)(3,5)(181,181) 354
(7,7)(3,5)(40,40) 354
(5,5)(1,4)(34,34) 355
(5,5)(1,4)(33,33) 355
(6,6)(7,9)(99,99) 356
(6,6)(7,9)(34,34) 356
(7,8)(8,8)(142,142) 357
(7,8)(8,8)(34,34) 357
(0,1)(4,4)(80,80) 358
(0,1)(4,4)(32,32) 358
(5,5)(7,9)(166,166) 359
(5,5)(7,9)(38,38) 359
(4,4)(4,6)(356,356) 360
(4,4)(4,6)(44,44) 360
(7,9)(2,2)(112,112) 361
(7,9)(2,2)(36,36) 361
(2,2)(4,7)(248,248) 362
(2,2)(4,7)(44,44) 362
(3,3)(0,2)(323,323) 363
(3,3)(0,2)(34,34) 363
(2,5)(0,0)(199,199) 364
(2,5)(0,0)(37,37) 364
(2,4)(0,0)(26,26) 365
(2,4)(0,0)(26,26) 365
(1,3)(6,6)(216,216) 366
(1,3)(6,6)(45,45) 366
(3,3)(4,5)(235,235) 367
(3,3)(4,5)(44,44) 367
(3,3)(7,9)(40,40) 368
(3,3)(7,9)(31,31) 368
(4,6)(8,8)(134,134) 369
(4,6)(8,8)(39,39) 369
(9,9)(8,8)(16,18) 370
(9,9)(8,8)(15,17) 370
(7,7)(1,2)(276,276) 371
(7,7)(1,2)(39,39) 371
(3,3)(1,4)(258,258) 372
(3,3)(1,4)(45,45) 372
(1,3)(5,5)(288,288) 373
(1,3)(5,5)(45,45) 373
(2,2)(3,5)(120,120) 374
(2,2)(3,5)(46,46) 374
(0,0)(0,3)(86,86) 375
(0,0)(0,3)(31,31) 375
(5,5)(5,6)(98,98) 376
(5,5)(5,6)(44,44) 376
(2,2)(6,8)(146,146) 377
(2,2)(6,8)(46,46) 377
(0,0)(3,5)(28,28) 378
(0,0)(3,5)(26,26) 378
(1,4)(2,2)(31,31) 379
(1,4)(2,2)(30,30) 379
(6,6)(5,8)(108,108) 380
(6,6)(5,8)(40,40) 380
(0,1)(7,7)(260,260) 381
(0,1)(7,7)(32,32) 381
(0,0)(0,0)(245,245) 382
(0,0)(0,0)(32,32) 382
(7,7)(6,6)(54,55) 383
(7,7)(6,6)(31,32) 383
(3,4)(5,5)(271,271) 384
(3,4)(5,5)(46,46) 384
(2,2)(2,3)(23,23) 385
(2,2)(2,3)(21,21) 385
(1,4)(2,2)(359,359) 386
(1,4)(2,2)(46,46) 386
(1,1)(1,3)(91,91) 387
(1,1)(1,3)(47,47) 387
(6,8)(5,5)(293,293) 388
(6,8)(5,5)(41,41) 388
(4,7)(1,1)(25,25) 389
(4,7)(1,1)(25,25) 389
(2,2)(0,4)(293,293) 390
(2,2)(0,4)(47,47) 390
(0,3)(0,0)(98,98) 391
(0,3)(0,0)(48,48) 391
(1,1)(8,9)(33,33) 392
(1,1)(8,9)(28,28) 392
(5,5)(6,8)(239,239) 393
(5,5)(6,8)(45,45) 393
(7,8)(8,8)(168,168) 394
(7,8)(8,8)(35,35) 394
(4,4)(0,0)(120,122) 395
(4,4)(0,0)(38,40) 395
(3,6)(4,4)(87,87) 396
(3,6)(4,4)(46,46) 396
(6,6)(2,4)(77,77) 397
(6,6)(2,4)(47,47) 397
(0,0)(1,3)(203,203) 398
(0,0)(1,3)(32,32) 398
(5,5)(6,8)(93,93) 399
(5,5)(6,8)(46,46) 399
(2,2)(0,1)(69,69) 400
(2,2)(0,1)(49,49) 400
(5,5)(0,1)(347,347) 401
(5,5)(0,1)(39,39) 401
(4,5)(8,8)(198,198) 402
(4,5)(8,8)(47,47) 402
(2,3)(5,5)(2,2) 403
(2,3)(5,5)(2,2) 403
(4,4)(3,3)(41,45) 404
(4,4)(3,3)(35,39) 404
(2,2)(1,4)(67,67) 405
(2,2)(1,4)(50,50) 405
(6,8)(3,3)(314,314) 406
(6,8)(3,3)(48,48) 406
(6,9)(0,0)(320,320) 407
(6,9)(0,0)(36,36) 407
(7,9)(1,1)(315,315) 408
(7,9)(1,1)(40,40) 408
(8,8)(0,4)(52,52) 409
(8,8)(0,4)(49,49) 409
(2,2)(4,6)(334,334) 410
(2,2)(4,6)(51,51) 410
(4,5)(7,7)(113,113) 411
(4,5)(7,7)(47,47) 411
(9,9)(4,7)(308,308) 412
(9,9)(4,7)(32,32) 412
(1,1)(6,9)(138,138) 413
(1,1)(6,9)(46,46) 413
(2,2)(4,5)(287,287) 414
(2,2)(4,5)(52,52) 414
(4,7)(0,0)(277,277) 415
(4,7)(0,0)(41,41) 415
(1,1)(2,5)(129,129) 416
(1,1)(2,5)(48,48) 416
(3,4)(6,6)(359,359) 417
(3,4)(6,6)(46,46) 417
(5,5)(5,8)(23,23) 418
(5,5)(5,8)(19,19) 418
(2,2)(0,2)(198,198) 419
(2,2)(0,2)(51,51) 419
(3,3)(1,1)(244,247) 420
(3,3)(1,1)(46,49) 420
(4,4)(5,7)(284,284) 421
(4,4)(5,7)(48,48) 421
(2,3)(4,4)(304,304) 422
(2,3)(4,4)(53,53) 422
(5,8)(5,5)(142,142) 423
(5,8)(5,5)(45,45) 423
(1,1)(9,9)(18,20) 424
(1,1)(9,9)(8,10) 424
(3,3)(0,2)(89,89) 425
(3,3)(0,2)(50,50) 425
(2,2)(3,3)(228,229) 426
(2,2)(3,3)(51,52) 426
(8,8)(6,9)(114,114) 427
(8,8)(6,9)(36,36) 427
(6,6)(7,8)(1,1) 428
(6,6)(7,8)(1,1) 428
(9,9)(9,9)(305,308) 429
(9,9)(9,9)(25,28) 429
(9,9)(4,6)(346,346) 430
(9,9)(4,6)(33,33) 430
(4,7)(1,1)(253,253) 431
(4,7)(1,1)(41,41) 431
(0,3)(6,6)(225,225) 432
(0,3)(6,6)(52,52) 432
(3,3)(4,6)(9,9) 433
(3,3)(4,6)(9,9) 433
(4,4)(2,4)(300,300) 434
(4,4)(2,4)(47,47) 434
(1,2)(0,0)(107,107) 435
(1,2)(0,0)(52,52) 435
(7,7)(7,8)(348,348) 436
(7,7)(7,8)(36,36) 436
(7,7)(1,3)(230,230) 437
(7,7)(1,3)(49,49) 437
(5,8)(8,8)(203,203) 438
(5,8)(8,8)(48,48) 438
(1,4)(7,7)(112,112) 439
(1,4)(7,7)(49,49) 439
(3,3)(6,9)(126,126) 440
(3,3)(6,9)(53,53) 440
(2,2)(5,7)(302,302) 441
(2,2)(5,7)(53,53) 441
(4,7)(4,4)(215,215) 442
(4,7)(4,4)(48,48) 442
(6,8)(9,9)(319,319) 443
(6,8)(9,9)(37,37) 443
(5,5)(4,6)(321,321) 444
(5,5)(4,6)(49,49) 444
(7,9)(9,9)(58,58) 445
(7,9)(9,9)(38,38) 445
(5,5)(0,3)(279,279) 446
(5,5)(0,3)(42,42) 446
(2,2)(4,6)(322,322) 447
(2,2)(4,6)(54,54) 447
(7,7)(1,2)(101,101) 448
(7,7)(1,2)(50,50) 448
(0,0)(7,9)(314,314) 449
(0,0)(7,9)(33,33) 449
(2,2)(4,6)(250,250) 450
(2,2)(4,6)(55,55) 450
(7,7)(2,2)(64,67) 451
(7,7)(2,2)(51,54) 451
(9,9)(5,6)(322,322) 452
(9,9)(5,6)(34,34) 452
(7,7)(5,7)(340,340) 453
(7,7)(5,7)(46,46) 453
(9,9)(7,8)(185,185) 454
(9,9)(7,8)(33,33) 454
(7,7)(3,5)(272,272) 455
(7,7)(3,5)(50,50) 455
(7,7)(4,7)(93,93) 456
(7,7)(4,7)(51,51) 456
(1,3)(8,8)(175,175) 457
(1,3)(8,8)(54,54) 457
(6,6)(6,6)(229,229) 458
(6,6)(6,6)(41,41) 458
(9,9)(3,6)(238,238) 459
(9,9)(3,6)(37,37) 459
(6,8)(7,7)(250,250) 460
(6,8)(7,7)(52,52) 460
(4,7)(0,0)(298,298) 461
(4,7)(0,0)(43,43) 461
(7,8)(1,1)(135,135) 462
(7,8)(1,1)(51,51) 462
(7,7)(2,4)(122,122) 463
(7,7)(2,4)(55,55) 463
(4,7)(0,0)(326,326) 464
(4,7)(0,0)(44,44) 464
(0,0)(0,3)(75,75) 465
(0,0)(0,3)(49,49) 465
(5,5)(2,2)(18,20) 466
(5,5)(2,2)(16,18) 466
(4,4)(3,3)(103,106) 467
(4,4)(3,3)(48,51) 467
(7,8)(8,8)(330,330) 468
(7,8)(8,8)(49,49) 468
(0,0)(2,3)(80,80) 469
(0,0)(2,3)(50,50) 469
(5,6)(3,3)(131,131) 470
(5,6)(3,3)(49,49) 470
(1,1)(0,2)(155,155) 471
(1,1)(0,2)(53,53) 471
(3,4)(6,6)(184,184) 472
(3,4)(6,6)(54,54) 472
(2,2)(7,8)(86,86) 473
(2,2)(7,8)(55,55) 473
(6,6)(2,4)(248,248) 474
(6,6)(2,4)(50,50) 474
(1,1)(2,2)(312,314) 475
(1,1)(2,2)(54,56) 475
(3,3)(3,5)(34,34) 476
(3,3)(3,5)(33,33) 476
(7,7)(1,1)(278,280) 477
(7,7)(1,1)(52,54) 477
(4,4)(4,7)(100,100) 478
(4,4)(4,7)(55,55) 478
(6,8)(4,4)(207,207) 479
(6,8)(4,4)(56,56) 479
(3,3)(3,5)(139,139) 480
(3,3)(3,5)(54,54) 480
(2,2)(5,8)(84,84) 481
(2,2)(5,8)(56,56) 481
(2,2)(4,6)(218,218) 482
(2,2)(4,6)(57,57) 482
(3,5)(4,4)(198,198) 483
(3,5)(4,4)(56,56) 483
(7,9)(6,6)(169,169) 484
(7,9)(6,6)(52,52) 484
(2,2)(1,3)(261,261) 485
(2,2)(1,3)(53,53) 485
(4,4)(8,9)(7,7) 486
(4,4)(8,9)(5,5) 486
(0,3)(1,1)(201,201) 487
(0,3)(1,1)(54,54) 487
(3,3)(9,9)(333,336) 488
(3,3)(9,9)(54,57) 488
(0,0)(0,0)(77,79) 489
(0,0)(0,0)(50,52) 489
(7,9)(3,3)(56,56) 490
(7,9)(3,3)(56,56) 490
(1,3)(6,6)(227,227) 491
(1,3)(6,6)(58,58) 491
(9,9)(5,7)(186,186) 492
(9,9)(5,7)(53,53) 492
(6,6)(7,9)(170,170) 493
(6,6)(7,9)(53,53) 493
(7,8)(2,2)(38,38) 494
(7,8)(2,2)(37,37) 494
(8,8)(2,4)(22,22) 495
(8,8)(2,4)(20,20) 495
(2,2)(6,8)(126,126) 496
(2,2)(6,8)(59,59) 496
(9,9)(8,9)(159,159) 497
(9,9)(8,9)(39,39) 497
(6,8)(3,3)(29,29) 498
(6,8)(3,3)(29,29) 498
(0,0)(3,6)(112,112) 499
(0,0)(3,6)(53,53) 499
(0,0)(4,4)(3,4) 500
(0,0)(4,4)(1,2) 500
(4,4)(5,8)(268,268) 501
(4,4)(5,8)(56,56) 501
(0,0)(2,2)(76,79) 502
(0,0)(2,2)(51,54) 502
(9,9)(3,5)(229,229) 503
(9,9)(3,5)(57,57) 503
(5,5)(6,8)(338,338) 504
(5,5)(6,8)(50,50) 504
(0,3)(1,1)(321,321) 505
(0,3)(1,1)(55,55) 505
(6,6)(1,4)(121,121) 506
(6,6)(1,4)(57,57) 506
(8,8)(2,3)(136,136) 507
(8,8)(2,3)(57,57) 507
(6,8)(4,4)(81,81) 508
(6,8)(4,4)(58,58) 508
(7,7)(3,3)(97,98) 509
(7,7)(3,3)(57,58) 509
(6,8)(9,9)(12,12) 510
(6,8)(9,9)(5,5) 510
(0,0)(3,3)(242,245) 511
(0,0)(3,3)(54,57) 511
(5,5)(4,6)(324,324) 512
(5,5)(4,6)(57,57) 512
(3,6)(7,7)(292,292) 513
(3,6)(7,7)(57,57) 513
(0,1)(3,3)(340,340) 514
(0,1)(3,3)(58,58) 514
(9,9)(0,4)(121,121) 515
(9,9)(0,4)(58,58) 515
(6,9)(6,6)(113,113) 516
(6,9)(6,6)(54,54) 516
(7,9)(7,7)(332,332) 517
(7,9)(7,7)(54,54) 517
(1,1)(2,4)(206,206) 518
(1,1)(2,4)(59,59) 518
(2,2)(4,6)(337,337) 519
(2,2)(4,6)(60,60) 519
(1,1)(3,6)(308,308) 520
(1,1)(3,6)(60,60) 520
(3,5)(7,7)(269,269) 521
(3,5)(7,7)(58,58) 521
(7,7)(1,4)(312,312) 522
(7,7)(1,4)(59,59) 522
(1,1)(8,8)(176,178) 523
(1,1)(8,8)(55,57) 523
(5,9)(9,9)(126,126) 524
(5,9)(9,9)(54,54) 524
(0,1)(6,6)(115,115) 525
(0,1)(6,6)(61,61) 525
(5,5)(3,3)(342,344) 526
(5,5)(3,3)(50,52) 526
(5,7)(3,3)(293,293) 527
(5,7)(3,3)(60,60) 527
(0,2)(2,2)(243,243) 528
(0,2)(2,2)(60,60) 528
(0,1)(2,2)(204,204) 529
(0,1)(2,2)(61,61) 529
(2,2)(2,3)(16,16) 530
(2,2)(2,3)(10,10) 530
(1,1)(5,7)(214,214) 531
(1,1)(5,7)(62,62) 531
(8,8)(0,2)(27,27) 532
(8,8)(0,2)(27,27) 532
(3,5)(4,4)(201,201) 533
(3,5)(4,4)(58,58) 533
(5,6)(4,4)(84,84) 534
(5,6)(4,4)(59,59) 534
(0,1)(1,1)(339,339) 535
(0,1)(1,1)(56,56) 535
(1,1)(7,9)(257,257) 536
(1,1)(7,9)(63,63) 536
(8,8)(4,4)(54,56) 537
(8,8)(4,4)(50,52) 537
(2,2)(3,5)(320,320) 538
(2,2)(3,5)(61,61) 538
(0,0)(5,6)(106,106) 539
(0,0)(5,6)(62,62) 539
(3,5)(6,6)(140,140) 540
(3,5)(6,6)(59,59) 540
(2,4)(1,1)(216,216) 541
(2,4)(1,1)(56,56) 541
(1,4)(5,5)(273,273) 542
(1,4)(5,5)(63,63) 542
(3,4)(5,5)(89,89) 543
(3,4)(5,5)(64,64) 543
(3,5)(1,1)(188,188) 544
(3,5)(1,1)(57,57) 544
(8,8)(0,2)(128,128) 545
(8,8)(0,2)(58,58) 545
(5,5)(7,7)(315,317) 546
(5,5)(7,7)(59,61) 546
(5,5)(7,8)(200,200) 547
(5,5)(7,8)(62,62) 547
(1,1)(0,2)(154,154) 548
(1,1)(0,2)(62,62) 548
(8,9)(4,4)(59,59) 549
(8,9)(4,4)(59,59) 549
(3,3)(3,5)(203,203) 550
(3,3)(3,5)(65,65) 550
(8,8)(3,3)(286,287) 551
(8,8)(3,3)(58,59) 551
(3,4)(2,2)(211,211) 552
(3,4)(2,2)(51,51) 552
(0,1)(0,0)(239,239) 553
(0,1)(0,0)(63,63) 553
(5,5)(4,7)(44,44) 554
(5,5)(4,7)(44,44) 554
(6,6)(0,0)(32,35) 555
(6,6)(0,0)(30,33) 555
(7,8)(9,9)(186,186) 556
(7,8)(9,9)(55,55) 556
(8,8)(1,3)(223,223) 557
(8,8)(1,3)(60,60) 557
(6,7)(9,9)(232,232) 558
(6,7)(9,9)(56,56) 558
(5,5)(7,9)(272,272) 559
(5,5)(7,9)(63,63) 559
(2,6)(2,2)(11,11) 560
(2,6)(2,2)(11,11) 560
(5,5)(4,6)(156,156) 561
(5,5)(4,6)(60,60) 561
(5,7)(0,0)(148,148) 562
(5,7)(0,0)(45,45) 562
(1,5)(0,0)(255,255) 563
(1,5)(0,0)(64,64) 563
(1,3)(3,3)(89,89) 564
(1,3)(3,3)(66,66) 564
(7,7)(0,3)(352,352) 565
(7,7)(0,3)(61,61) 565
(0,0)(7,7)(228,230) 566
(0,0)(7,7)(34,36) 566
(6,7)(1,1)(201,201) 567
(6,7)(1,1)(62,62) 567
(9,9)(1,4)(117,117) 568
(9,9)(1,4)(60,60) 568
(7,9)(1,1)(204,204) 569
(7,9)(1,1)(63,63) 569
(4,5)(7,7)(46,46) 570
(4,5)(7,7)(46,46) 570
(7,7)(1,4)(42,42) 571
(7,7)(1,4)(42,42) 571
(5,5)(2,5)(218,218) 572
(5,5)(2,5)(61,61) 572
(5,5)(1,2)(192,192) 573
(5,5)(1,2)(62,62) 573
(6,6)(7,9)(101,101) 574
(6,6)(7,9)(58,58) 574
(3,6)(4,4)(234,234) 575
(3,6)(4,4)(66,66) 575
(3,5)(4,4)(12,12) 576
(3,5)(4,4)(10,10) 576
(8,8)(7,9)(122,122) 577
(8,8)(7,9)(56,56) 577
(1,2)(8,8)(135,135) 578
(1,2)(8,8)(64,64) 578
(6,9)(5,5)(140,140) 579
(6,9)(5,5)(58,58) 579
(6,8)(7,7)(33,33) 580
(6,8)(7,7)(32,32) 580
(3,3)(4,6)(194,194) 581
(3,3)(4,6)(67,67) 581
(2,4)(2,2)(103,103) 582
(2,4)(2,2)(61,61) 582
(7,7)(4,4)(284,286) 583
(7,7)(4,4)(60,62) 583
(4,4)(2,4)(158,158) 584
(4,4)(2,4)(67,67) 584
(5,6)(4,4)(238,238) 585
(5,6)(4,4)(67,67) 585
(6,6)(4,5)(79,79) 586
(6,6)(4,5)(68,68) 586
(4,6)(9,9)(176,176) 587
(4,6)(9,9)(64,64) 587
(2,4)(2,2)(15,15) 588
(2,4)(2,2)(15,15) 588
(5,5)(3,6)(190,190) 589
(5,5)(3,6)(68,68) 589
(7,9)(6,6)(31,31) 590
(7,9)(6,6)(31,31) 590
(6,6)(1,1)(149,150) 591
(6,6)(1,1)(63,64) 591
(5,7)(6,6)(91,91) 592
(5,7)(6,6)(69,69) 592
(0,0)(5,5)(287,289) 593
(0,0)(5,5)(63,65) 593
(9,9)(1,4)(316,316) 594
(9,9)(1,4)(64,64) 594
(4,4)(1,3)(317,317) 595
(4,4)(1,3)(68,68) 595
(2,2)(3,3)(334,337) 596
(2,2)(3,3)(67,70) 596
(7,7)(8,8)(23,25) 597
(7,7)(8,8)(23,25) 597
(4,4)(0,3)(275,275) 598
(4,4)(0,3)(69,69) 598
(8,8)(6,9)(308,308) 599
(8,8)(6,9)(57,57) 599
(0,1)(9,9)(36,36) 600
(0,1)(9,9)(34,34) 600
(1,4)(3,3)(185,185) 601
(1,4)(3,3)(71,71) 601
(5,7)(3,3)(299,299) 602
(5,7)(3,3)(69,69) 602
(5,5)(5,6)(157,157) 603
(5,5)(5,6)(70,70) 603
(6,6)(6,9)(105,105) 604
(6,6)(6,9)(70,70) 604
(2,4)(0,0)(155,155) 605
(2,4)(0,0)(70,70) 605
(1,3)(1,1)(242,242) 606
(1,3)(1,1)(63,63) 606
(1,1)(6,6)(173,176) 607
(1,1)(6,6)(63,66) 607
(1,4)(9,9)(261,261) 608
(1,4)(9,9)(65,65) 608
(0,2)(0,0)(218,218) 609
(0,2)(0,0)(71,71) 609
(4,4)(3,5)(279,279) 610
(4,4)(3,5)(72,72) 610
(5,5)(7,9)(325,325) 611
(5,5)(7,9)(65,65) 611
(6,8)(1,1)(246,246) 612
(6,8)(1,1)(65,65) 612
(3,4)(1,1)(144,144) 613
(3,4)(1,1)(70,70) 613
(6,7)(6,6)(6,6) 614
(6,7)(6,6)(5,5) 614
(6,7)(1,1)(226,226) 615
(6,7)(1,1)(66,66) 615
(7,7)(7,9)(343,343) 616
(7,7)(7,9)(57,57) 616
(7,7)(4,5)(210,210) 617
(7,7)(4,5)(63,63) 617
(2,3)(9,9)(331,331) 618
(2,3)(9,9)(66,66) 618
(0,0)(5,7)(341,341) 619
(0,0)(5,7)(66,66) 619
(5,8)(6,6)(125,125) 620
(5,8)(6,6)(71,71) 620
(5,7)(4,4)(197,197) 621
(5,7)(4,4)(69,69) 621
(4,8)(3,3)(19,19) 622
(4,8)(3,3)(19,19) 622
(5,5)(7,7)(206,207) 623
(5,5)(7,7)(66,67) 623
(6,6)(3,5)(129,129) 624
(6,6)(3,5)(70,70) 624
(0,2)(5,5)(339,339) 625
(0,2)(5,5)(67,67) 625
(7,9)(5,5)(34,34) 626
(7,9)(5,5)(34,34) 626
(1,4)(3,3)(132,132) 627
(1,4)(3,3)(73,73) 627
(4,7)(7,7)(164,164) 628
(4,7)(7,7)(71,71) 628
(1,5)(7,7)(54,54) 629
(1,5)(7,7)(54,54) 629
(9,9)(6,6)(95,97) 630
(9,9)(6,6)(55,57) 630
(1,1)(5,8)(116,116) 631
(1,1)(5,8)(68,68) 631
(0,3)(4,4)(340,340) 632
(0,3)(4,4)(68,68) 632
(1,1)(4,6)(336,336) 633
(1,1)(4,6)(69,69) 633
(3,4)(2,2)(93,93) 634
(3,4)(2,2)(70,70) 634
(3,5)(0,0)(143,143) 635
(3,5)(0,0)(71,71) 635
(5,8)(0,0)(175,175) 636
(5,8)(0,0)(72,72) 636
(3,5)(6,6)(327,327) 637
(3,5)(6,6)(72,72) 637
(2,4)(3,3)(331,331) 638
(2,4)(3,3)(74,74) 638
(0,0)(0,2)(126,126) 639
(0,0)(0,2)(72,72) 639
(8,8)(6,7)(239,239) 640
(8,8)(6,7)(72,72) 640
(0,0)(7,9)(321,321) 641
(0,0)(7,9)(67,67) 641
(5,7)(0,0)(273,273) 642
(5,7)(0,0)(73,73) 642
(3,5)(7,7)(298,298) 643
(3,5)(7,7)(72,72) 643
(3,5)(9,9)(215,215) 644
(3,5)(9,9)(67,67) 644
(4,4)(2,2)(287,289) 645
(4,4)(2,2)(71,73) 645
(7,8)(6,6)(70,70) 646
(7,8)(6,6)(70,70) 646
(5,7)(2,2)(206,206) 647
(5,7)(2,2)(63,63) 647
(3,3)(6,6)(141,141) 648
(3,3)(6,6)(73,73) 648
(3,5)(3,3)(100,100) 649
(3,5)(3,3)(75,75) 649
(2,3)(6,6)(256,256) 650
(2,3)(6,6)(74,74) 650
(5,7)(8,8)(327,327) 651
(5,7)(8,8)(71,71) 651
(6,6)(6,7)(207,207) 652
(6,6)(6,7)(72,72) 652
(1,1)(6,6)(2,4) 653
(1,1)(6,6)(1,3) 653
(2,2)(0,2)(100,100) 654
(2,2)(0,2)(72,72) 654
(7,7)(3,6)(338,338) 655
(7,7)(3,6)(72,72) 655
(7,9)(6,6)(49,49) 656
(7,9)(6,6)(47,47) 656
(6,6)(2,4)(356,356) 657
(6,6)(2,4)(71,71) 657
(0,0)(6,8)(284,284) 658
(0,0)(6,8)(68,68) 658
(3,5)(0,0)(142,142) 659
(3,5)(0,0)(74,74) 659
(2,2)(1,3)(327,327) 660
(2,2)(1,3)(75,75) 660
(2,2)(3,5)(190,190) 661
(2,2)(3,5)(76,76) 661
(5,5)(1,2)(356,356) 662
(5,5)(1,2)(64,64) 662
(9,9)(6,6)(189,191) 663
(9,9)(6,6)(58,60) 663
(7,8)(3,3)(251,251) 664
(7,8)(3,3)(73,73) 664
(4,5)(5,5)(76,76) 665
(4,5)(5,5)(73,73) 665
(6,7)(5,5)(354,354) 666
(6,7)(5,5)(73,73) 666
(3,3)(1,3)(42,42) 667
(3,3)(1,3)(35,35) 667
(6,8)(4,4)(135,135) 668
(6,8)(4,4)(73,73) 668
(4,6)(1,1)(349,349) 669
(4,6)(1,1)(71,71) 669
(2,2)(3,6)(179,179) 670
(2,2)(3,6)(77,77) 670
(6,9)(2,2)(115,115) 671
(6,9)(2,2)(72,72) 671
(6,7)(0,0)(314,314) 672
(6,7)(0,0)(74,74) 672
(4,4)(3,5)(156,156) 673
(4,4)(3,5)(76,76) 673
(0,0)(7,9)(77,77) 674
(0,0)(7,9)(69,69) 674
(5,5)(0,2)(13,13) 675
(5,5)(0,2)(12,12) 675
(5,6)(1,1)(144,144) 676
(5,6)(1,1)(72,72) 676
(7,7)(6,7)(32,32) 677
(7,7)(6,7)(32,32) 677
(8,8)(7,9)(120,120) 678
(8,8)(7,9)(73,73) 678
(2,4)(4,4)(303,303) 679
(2,4)(4,4)(78,78) 679
(6,8)(3,3)(58,58) 680
(6,8)(3,3)(58,58) 680
(2,2)(6,8)(143,143) 681
(2,2)(6,8)(78,78) 681
(4,4)(7,9)(196,196) 682
(4,4)(7,9)(73,73) 682
(0,3)(6,6)(282,282) 683
(0,3)(6,6)(79,79) 683
(9,9)(7,9)(59,59) 684
(9,9)(7,9)(55,55) 684
(1,1)(1,3)(309,309) 685
(1,1)(1,3)(74,74) 685
(1,4)(0,0)(335,335) 686
(1,4)(0,0)(75,75) 686
(3,5)(1,1)(138,138) 687
(3,5)(1,1)(73,73) 687
(0,0)(2,5)(151,151) 688
(0,0)(2,5)(73,73) 688
(4,7)(6,6)(196,196) 689
(4,7)(6,6)(73,73) 689
(7,7)(5,8)(50,50) 690
(7,7)(5,8)(50,50) 690
(0,2)(4,4)(69,69) 691
(0,2)(4,4)(69,69) 691
(6,6)(1,1)(4,6) 692
(6,6)(1,1)(2,4) 692
(0,0)(4,6)(286,286) 693
(0,0)(4,6)(80,80) 693
(1,4)(7,7)(162,162) 694
(1,4)(7,7)(79,79) 694
(6,6)(1,2)(50,50) 695
(6,6)(1,2)(48,48) 695
(2,2)(5,7)(191,191) 696
(2,2)(5,7)(80,80) 696
(3,5)(5,5)(96,96) 697
(3,5)(5,5)(77,77) 697
(3,3)(1,4)(91,91) 698
(3,3)(1,4)(79,79) 698
(1,2)(3,3)(329,329) 699
(1,2)(3,3)(78,78) 699
(4,4)(4,6)(79,79) 700
(4,4)(4,6)(79,79) 700
(3,3)(8,9)(150,150) 701
(3,3)(8,9)(68,68) 701
(6,6)(6,9)(8,8) 702
(6,6)(6,9)(6,6) 702
(0,0)(4,4)(288,290) 703
(0,0)(4,4)(81,83) 703
(4,7)(5,5)(291,291) 704
(4,7)(5,5)(80,80) 704
(1,1)(2,2)(63,65) 705
(1,1)(2,2)(63,65) 705
(8,8)(4,4)(316,318) 706
(8,8)(4,4)(74,76) 706
(6,8)(2,2)(315,315) 707
(6,8)(2,2)(73,73) 707
(1,3)(5,5)(78,78) 708
(1,3)(5,5)(78,78) 708
(6,8)(8,8)(97,97) 709
(6,8)(8,8)(74,74) 709
(6,7)(1,1)(289,289) 710
(6,7)(1,1)(73,73) 710
(5,5)(7,9)(306,306) 711
(5,5)(7,9)(73,73) 711
(6,6)(5,6)(116,116) 712
(6,6)(5,6)(81,81) 712
(7,9)(1,1)(214,214) 713
(7,9)(1,1)(74,74) 713
(6,6)(2,5)(302,302) 714
(6,6)(2,5)(82,82) 714
(6,7)(9,9)(358,358) 715
(6,7)(9,9)(71,71) 715
(5,5)(7,8)(342,342) 716
(5,5)(7,8)(74,74) 716
(8,9)(3,3)(54,54) 717
(8,9)(3,3)(50,50) 717
(5,5)(2,4)(164,164) 718
(5,5)(2,4)(76,76) 718
(4,4)(5,7)(48,48) 719
(4,4)(5,7)(48,48) 719
(2,2)(1,4)(313,313) 720
(2,2)(1,4)(79,79) 720
(7,9)(8,8)(230,230) 721
(7,9)(8,8)(75,75) 721
(4,5)(1,1)(300,300) 722
(4,5)(1,1)(74,74) 722
(6,6)(5,7)(167,167) 723
(6,6)(5,7)(83,83) 723
(7,7)(1,3)(357,357) 724
(7,7)(1,3)(75,75) 724
(6,8)(6,6)(302,302) 725
(6,8)(6,6)(84,84) 725
(5,7)(4,4)(317,317) 726
(5,7)(4,4)(83,83) 726
(0,0)(5,5)(137,139) 727
(0,0)(5,5)(81,83) 727
(0,0)(7,9)(324,324) 728
(0,0)(7,9)(70,70) 728
(3,3)(0,0)(95,97) 729
(3,3)(0,0)(76,78) 729
(4,4)(8,8)(241,243) 730
(4,4)(8,8)(74,76) 730
(4,4)(0,2)(250,250) 731
(4,4)(0,2)(76,76) 731
(8,8)(2,3)(85,85) 732
(8,8)(2,3)(74,74) 732
(8,9)(7,7)(258,258) 733
(8,9)(7,7)(74,74) 733
(1,4)(3,3)(282,282) 734
(1,4)(3,3)(80,80) 734
(6,8)(7,7)(228,228) 735
(6,8)(7,7)(84,84) 735
(1,1)(8,9)(335,335) 736
(1,1)(8,9)(69,69) 736
(5,7)(3,3)(73,73) 737
(5,7)(3,3)(73,73) 737
(6,6)(4,6)(284,284) 738
(6,6)(4,6)(85,85) 738
(1,3)(7,7)(115,115) 739
(1,3)(7,7)(81,81) 739
(5,7)(1,1)(355,355) 740
(5,7)(1,1)(76,76) 740
(3,3)(7,9)(113,113) 741
(3,3)(7,9)(82,82) 741
(4,4)(2,3)(270,270) 742
(4,4)(2,3)(81,81) 742
(6,6)(4,6)(204,204) 743
(6,6)(4,6)(86,86) 743
(3,4)(9,9)(219,219) 744
(3,4)(9,9)(83,83) 744
(1,1)(3,4)(108,108) 745
(1,1)(3,4)(81,81) 745
(5,7)(7,7)(43,43) 746
(5,7)(7,7)(41,41) 746
(0,1)(8,8)(155,155) 747
(0,1)(8,8)(71,71) 747
(0,0)(1,3)(289,289) 748
(0,0)(1,3)(74,74) 748
(5,7)(0,0)(285,285) 749
(5,7)(0,0)(75,75) 749
(0,0)(4,4)(311,312) 750
(0,0)(4,4)(84,85) 750
(1,1)(2,4)(260,260) 751
(1,1)(2,4)(82,82) 751
(5,9)(9,9)(239,239) 752
(5,9)(9,9)(74,74) 752
(0,1)(4,4)(309,309) 753
(0,1)(4,4)(86,86) 753
(2,5)(1,1)(263,263) 754
(2,5)(1,1)(80,80) 754
(7,7)(4,6)(52,52) 755
(7,7)(4,6)(52,52) 755
(4,6)(3,3)(93,93) 756
(4,6)(3,3)(83,83) 756
(7,7)(3,5)(100,100) 757
(7,7)(3,5)(84,84) 757
(6,8)(9,9)(182,182) 758
(6,8)(9,9)(75,75) 758
(4,4)(3,4)(312,312) 759
(4,4)(3,4)(84,84) 759
(9,9)(1,4)(240,240) 760
(9,9)(1,4)(75,75) 760
(8,8)(0,2)(24,24) 761
(8,8)(0,2)(21,21) 761
(5,5)(7,7)(209,212) 762
(5,5)(7,7)(75,78) 762
(8,8)(2,4)(64,64) 763
(8,8)(2,4)(61,61) 763
(8,8)(3,5)(162,162) 764
(8,8)(3,5)(77,77) 764
(2,5)(4,4)(60,60) 765
(2,5)(4,4)(60,60) 765
(8,8)(4,6)(39,39) 766
(8,8)(4,6)(37,37) 766
(1,4)(7,7)(215,215) 767
(1,4)(7,7)(83,83) 767
(7,7)(7,9)(7,7) 768
(7,7)(7,9)(6,6) 768
(2,5)(3,3)(161,161) 769
(2,5)(3,3)(85,85) 769
(3,3)(1,4)(306,306) 770
(3,3)(1,4)(86,86) 770
(5,5)(2,5)(97,97) 771
(5,5)(2,5)(86,86) 771
(4,5)(0,0)(300,300) 772
(4,5)(0,0)(77,77) 772
(1,3)(3,3)(322,322) 773
(1,3)(3,3)(87,87) 773
(7,7)(5,7)(126,126) 774
(7,7)(5,7)(85,85) 774
(2,4)(0,0)(330,330) 775
(2,4)(0,0)(79,79) 775
(6,8)(8,8)(88,88) 776
(6,8)(8,8)(76,76) 776
(7,7)(6,9)(316,316) 777
(7,7)(6,9)(86,86) 777
(1,4)(6,6)(325,325) 778
(1,4)(6,6)(81,81) 778
(5,5)(2,4)(268,268) 779
(5,5)(2,4)(87,87) 779
(7,7)(2,5)(223,223) 780
(7,7)(2,5)(86,86) 780
(7,7)(4,6)(341,341) 781
(7,7)(4,6)(87,87) 781
(0,0)(7,9)(2,2) 782
(0,0)(7,9)(2,2) 782
(7,8)(9,9)(235,235) 783
(7,8)(9,9)(87,87) 783
(4,6)(6,6)(19,19) 784
(4,6)(6,6)(18,18) 784
(8,8)(2,5)(82,82) 785
(8,8)(2,5)(78,78) 785
(4,4)(3,5)(137,137) 786
(4,4)(3,5)(86,86) 786
(8,9)(2,2)(255,255) 787
(8,9)(2,2)(79,79) 787
(3,3)(6,8)(14,14) 788
(3,3)(6,8)(14,14) 788
(6,6)(2,4)(294,294) 789
(6,6)(2,4)(87,87) 789
(1,1)(3,5)(161,161) 790
(1,1)(3,5)(88,88) 790
(0,0)(2,2)(53,56) 791
(0,0)(2,2)(51,54) 791
(1,1)(4,6)(45,45) 792
(1,1)(4,6)(41,41) 792
(0,0)(8,8)(17,20) 793
(0,0)(8,8)(13,16) 793
(5,6)(9,9)(355,355) 794
(5,6)(9,9)(76,76) 794
(4,6)(7,7)(95,95) 795
(4,6)(7,7)(85,85) 795
(8,8)(3,6)(209,209) 796
(8,8)(3,6)(85,85) 796
(5,5)(3,5)(146,146) 797
(5,5)(3,5)(88,88) 797
(3,5)(0,0)(355,355) 798
(3,5)(0,0)(80,80) 798
(3,3)(8,8)(45,47) 799
(3,3)(8,8)(32,34) 799
(2,2)(9,9)(18,20) 800
(2,2)(9,9)(18,20) 800
(6,6)(0,2)(14,14) 801
(6,6)(0,2)(14,14) 801
(6,9)(6,6)(342,342) 802
(6,9)(6,6)(88,88) 802
(3,3)(8,8)(57,59) 803
(3,3)(8,8)(55,57) 803
(3,3)(4,7)(170,170) 804
(3,3)(4,7)(87,87) 804
(5,6)(7,7)(102,102) 805
(5,6)(7,7)(86,86) 805
(4,4)(1,2)(248,248) 806
(4,4)(1,2)(82,82) 806
(8,9)(6,6)(92,92) 807
(8,9)(6,6)(89,89) 807
(2,3)(8,8)(123,123) 808
(2,3)(8,8)(83,83) 808
(5,5)(0,2)(141,141) 809
(5,5)(0,2)(88,88) 809
(2,2)(0,3)(241,241) 810
(2,2)(0,3)(88,88) 810
(7,7)(3,5)(313,313) 811
(7,7)(3,5)(88,88) 811
(3,4)(2,2)(12,12) 812
(3,4)(2,2)(12,12) 812
(3,5)(2,2)(53,53) 813
(3,5)(2,2)(52,52) 813
(9,9)(7,9)(15,15) 814
(9,9)(7,9)(15,15) 814
(8,8)(2,3)(220,220) 815
(8,8)(2,3)(86,86) 815
(2,2)(1,4)(306,306) 816
(2,2)(1,4)(89,89) 816
(1,4)(0,0)(214,214) 817
(1,4)(0,0)(89,89) 817
(2,2)(5,5)(42,43) 818
(2,2)(5,5)(42,43) 818
(9,9)(1,1)(242,244) 819
(9,9)(1,1)(76,78) 819
(0,2)(0,0)(217,217) 820
(0,2)(0,0)(90,90) 820
(4,6)(0,0)(332,332) 821
(4,6)(0,0)(90,90) 821
(3,5)(5,5)(179,179) 822
(3,5)(5,5)(89,89) 822
(7,9)(1,1)(219,219) 823
(7,9)(1,1)(79,79) 823
(6,8)(0,0)(7,7) 824
(6,8)(0,0)(6,6) 824
(2,4)(8,8)(115,115) 825
(2,4)(8,8)(84,84) 825
(5,5)(6,6)(47,49) 826
(5,5)(6,6)(47,49) 826
(1,1)(1,3)(202,202) 827
(1,1)(1,3)(89,89) 827
(5,5)(9,9)(30,32) 828
(5,5)(9,9)(30,32) 828
(6,6)(2,4)(155,155) 829
(6,6)(2,4)(88,88) 829
(2,2)(1,1)(144,145) 830
(2,2)(1,1)(90,91) 830
(2,4)(3,3)(61,61) 831
(2,4)(3,3)(55,55) 831
(0,0)(3,6)(221,221) 832
(0,0)(3,6)(87,87) 832
(8,8)(2,5)(83,83) 833
(8,8)(2,5)(80,80) 833
(2,2)(8,8)(279,281) 834
(2,2)(8,8)(85,87) 834
(3,3)(3,6)(113,113) 835
(3,3)(3,6)(90,90) 835
(1,1)(7,9)(156,156) 836
(1,1)(7,9)(84,84) 836
(6,8)(5,5)(215,215) 837
(6,8)(5,5)(89,89) 837
(8,8)(3,4)(281,281) 838
(8,8)(3,4)(87,87) 838
(2,2)(7,7)(87,88) 839
(2,2)(7,7)(84,85) 839
(7,7)(6,6)(248,251) 840
(7,7)(6,6)(89,92) 840
(1,1)(3,3)(235,237) 841
(1,1)(3,3)(90,92) 841
(0,0)(5,8)(75,75) 842
(0,0)(5,8)(74,74) 842
(7,7)(2,4)(95,95) 843
(7,7)(2,4)(89,89) 843
(4,6)(7,7)(36,36) 844
(4,6)(7,7)(36,36) 844
(0,0)(0,3)(236,236) 845
(0,0)(0,3)(91,91) 845
(9,9)(4,4)(10,11) 846
(9,9)(4,4)(9,10) 846
(0,0)(4,7)(245,245) 847
(0,0)(4,7)(88,88) 847
(0,2)(5,5)(131,131) 848
(0,2)(5,5)(89,89) 848
(5,5)(4,5)(65,65) 849
(5,5)(4,5)(62,62) 849
(7,9)(6,6)(344,344) 850
(7,9)(6,6)(93,93) 850
(2,2)(3,5)(348,348) 851
(2,2)(3,5)(90,90) 851
(4,5)(1,1)(213,213) 852
(4,5)(1,1)(89,89) 852
(9,9)(3,5)(236,236) 853
(9,9)(3,5)(76,76) 853
(5,8)(3,3)(144,144) 854
(5,8)(3,3)(90,90) 854
(0,0)(3,4)(240,240) 855
(0,0)(3,4)(92,92) 855
(1,2)(6,6)(21,21) 856
(1,2)(6,6)(21,21) 856
(8,9)(4,4)(173,173) 857
(8,9)(4,4)(88,88) 857
(7,9)(3,3)(112,112) 858
(7,9)(3,3)(91,91) 858
(6,6)(3,6)(85,85) 859
(6,6)(3,6)(85,85) 859
(3,5)(0,0)(16,16) 860
(3,5)(0,0)(16,16) 860
(6,9)(6,6)(174,174) 861
(6,9)(6,6)(94,94) 861
(3,5)(2,2)(281,281) 862
(3,5)(2,2)(89,89) 862
(5,8)(5,5)(286,286) 863
(5,8)(5,5)(90,90) 863
(8,9)(3,3)(290,290) 864
(8,9)(3,3)(92,92) 864
(5,8)(1,1)(345,345) 865
(5,8)(1,1)(90,90) 865
(4,5)(5,5)(221,221) 866
(4,5)(5,5)(91,91) 866
(3,6)(6,6)(4,4) 867
(3,6)(6,6)(4,4) 867
(1,1)(2,4)(234,234) 868
(1,1)(2,4)(93,93) 868
(6,9)(0,0)(131,131) 869
(6,9)(0,0)(91,91) 869
(8,8)(2,4)(87,87) 870
(8,8)(2,4)(87,87) 870
(7,7)(1,4)(198,198) 871
(7,7)(1,4)(92,92) 871
(1,1)(3,6)(221,221) 872
(1,1)(3,6)(94,94) 872
(4,7)(3,3)(267,267) 873
(4,7)(3,3)(93,93) 873
(9,9)(0,0)(218,220) 874
(9,9)(0,0)(92,94) 874
(1,1)(4,5)(79,79) 875
(1,1)(4,5)(79,79) 875
(5,5)(5,8)(289,289) 876
(5,5)(5,8)(92,92) 876
(7,9)(2,2)(287,287) 877
(7,9)(2,2)(93,93) 877
(4,5)(5,5)(267,267) 878
(4,5)(5,5)(93,93) 878
(6,6)(3,5)(236,236) 879
(6,6)(3,5)(94,94) 879
(0,2)(9,9)(17,17) 880
(0,2)(9,9)(13,13) 880
(3,3)(4,6)(142,142) 881
(3,3)(4,6)(91,91) 881
(3,5)(8,8)(246,246) 882
(3,5)(8,8)(93,93) 882
(6,6)(5,6)(101,101) 883
(6,6)(5,6)(95,95) 883
(2,3)(3,3)(60,60) 884
(2,3)(3,3)(56,56) 884
(8,8)(6,8)(311,311) 885
(8,8)(6,8)(95,95) 885
(4,7)(9,9)(16,16) 886
(4,7)(9,9)(16,16) 886
(4,7)(0,0)(354,354) 887
(4,7)(0,0)(92,92) 887
(6,9)(8,8)(314,314) 888
(6,9)(8,8)(96,96) 888
(0,0)(9,9)(317,319) 889
(0,0)(9,9)(71,73) 889
(5,5)(6,8)(115,115) 890
(5,5)(6,8)(94,94) 890
(1,3)(1,1)(326,326) 891
(1,3)(1,1)(92,92) 891
(1,1)(7,8)(128,128) 892
(1,1)(7,8)(85,85) 892
(8,8)(1,4)(47,47) 893
(8,8)(1,4)(41,41) 893
(1,1)(1,3)(134,134) 894
(1,1)(1,3)(95,95) 894
(0,0)(4,6)(110,110) 895
(0,0)(4,6)(93,93) 895
(0,0)(0,1)(292,292) 896
(0,0)(0,1)(92,92) 896
(7,9)(5,5)(26,26) 897
(7,9)(5,5)(22,22) 897
(4,4)(5,8)(117,117) 898
(4,4)(5,8)(94,94) 898
(9,9)(5,8)(335,335) 899
(9,9)(5,8)(97,97) 899
(5,5)(3,5)(62,62) 900
(5,5)(3,5)(62,62) 900
(5,7)(7,7)(38,38) 901
(5,7)(7,7)(37,37) 901
(4,6)(9,9)(120,120) 902
(4,6)(9,9)(84,84) 902
(1,2)(8,8)(32,32) 903
(1,2)(8,8)(32,32) 903
(8,8)(6,9)(164,164) 904
(8,8)(6,9)(97,97) 904
(7,7)(2,4)(168,168) 905
(7,7)(2,4)(94,94) 905
(9,9)(1,3)(311,311) 906
(9,9)(1,3)(94,94) 906
(9,9)(3,4)(231,231) 907
(9,9)(3,4)(95,95) 907
(8,8)(5,8)(251,251) 908
(8,8)(5,8)(98,98) 908
(7,9)(1,1)(59,59) 909
(7,9)(1,1)(59,59) 909
(7,7)(3,7)(20,20) 910
(7,7)(3,7)(20,20) 910
(6,6)(4,5)(93,93) 911
(6,6)(4,5)(91,91) 911
(8,8)(4,6)(10,10) 912
(8,8)(4,6)(9,9) 912
(2,2)(4,7)(14,14) 913
(2,2)(4,7)(14,14) 913
(0,1)(5,5)(310,310) 914
(0,1)(5,5)(95,95) 914
(0,3)(1,1)(31,31) 915
(0,3)(1,1)(30,30) 915
(3,5)(0,0)(251,251) 916
(3,5)(0,0)(93,93) 916
(2,2)(7,8)(23,23) 917
(2,2)(7,8)(23,23) 917
(6,8)(1,1)(107,107) 918
(6,8)(1,1)(93,93) 918
(8,8)(2,5)(156,156) 919
(8,8)(2,5)(99,99) 919
(1,1)(5,7)(158,158) 920
(1,1)(5,7)(96,96) 920
(2,2)(1,4)(109,109) 921
(2,2)(1,4)(93,93) 921
(1,4)(6,6)(331,331) 922
(1,4)(6,6)(97,97) 922
(4,4)(5,8)(121,121) 923
(4,4)(5,8)(98,98) 923
(1,1)(6,9)(341,341) 924
(1,1)(6,9)(98,98) 924
(7,9)(5,5)(128,128) 925
(7,9)(5,5)(100,100) 925
(6,6)(4,6)(298,298) 926
(6,6)(4,6)(96,96) 926
(1,1)(6,7)(339,339) 927
(1,1)(6,7)(99,99) 927
(6,8)(9,9)(185,185) 928
(6,8)(9,9)(98,98) 928
(4,4)(0,2)(358,358) 929
(4,4)(0,2)(94,94) 929
(4,4)(4,6)(29,29) 930
(4,4)(4,6)(27,27) 930
(1,1)(8,8)(28,30) 931
(1,1)(8,8)(28,30) 931
(1,3)(8,8)(298,298) 932
(1,3)(8,8)(99,99) 932
(2,2)(3,4)(21,21) 933
(2,2)(3,4)(21,21) 933
(3,6)(8,8)(54,54) 934
(3,6)(8,8)(54,54) 934
(6,9)(1,1)(122,122) 935
(6,9)(1,1)(95,95) 935
(1,1)(0,1)(195,195) 936
(1,1)(0,1)(96,96) 936
(1,2)(2,2)(270,270) 937
(1,2)(2,2)(96,96) 937
(7,9)(8,8)(140,140) 938
(7,9)(8,8)(99,99) 938
(4,4)(4,5)(239,239) 939
(4,4)(4,5)(99,99) 939
(4,6)(9,9)(342,342) 940
(4,6)(9,9)(99,99) 940
(9,9)(4,7)(243,243) 941
(9,9)(4,7)(101,101) 941
(9,9)(2,4)(174,174) 942
(9,9)(2,4)(102,102) 942
(2,2)(1,3)(189,189) 943
(2,2)(1,3)(97,97) 943
(2,2)(2,2)(68,70) 944
(2,2)(2,2)(62,64) 944
(4,7)(7,7)(169,169) 945
(4,7)(7,7)(99,99) 945
(1,1)(6,9)(292,292) 946
(1,1)(6,9)(100,100) 946
(0,2)(2,2)(145,145) 947
(0,2)(2,2)(98,98) 947
(7,8)(8,8)(160,160) 948
(7,8)(8,8)(100,100) 948
(1,1)(2,4)(151,151) 949
(1,1)(2,4)(99,99) 949
(4,4)(0,2)(10,10) 950
(4,4)(0,2)(8,8) 950
(2,2)(2,5)(208,208) 951
(2,2)(2,5)(99,99) 951
(1,1)(2,5)(191,191) 952
(1,1)(2,5)(100,100) 952
(2,4)(0,0)(331,331) 953
(2,4)(0,0)(95,95) 953
(9,9)(7,9)(8,8) 954
(9,9)(7,9)(5,5) 954
(5,6)(3,3)(238,238) 955
(5,6)(3,3)(95,95) 955
(2,4)(8,8)(334,334) 956
(2,4)(8,8)(100,100) 956
(6,9)(7,7)(347,347) 957
(6,9)(7,7)(102,102) 957
(4,4)(5,7)(307,307) 958
(4,4)(5,7)(100,100) 958
(3,6)(9,9)(129,129) 959
(3,6)(9,9)(100,100) 959
(2,2)(4,6)(142,142) 960
(2,2)(4,6)(100,100) 960
(5,5)(3,5)(90,90) 961
(5,5)(3,5)(90,90) 961
(9,9)(7,8)(333,333) 962
(9,9)(7,8)(103,103) 962
(5,8)(4,4)(107,107) 963
(5,8)(4,4)(100,100) 963
(1,3)(7,7)(226,226) 964
(1,3)(7,7)(101,101) 964
(5,6)(2,2)(123,123) 965
(5,6)(2,2)(90,90) 965
(6,8)(4,4)(119,119) 966
(6,8)(4,4)(101,101) 966
(4,6)(7,7)(175,175) 967
(4,6)(7,7)(103,103) 967
(5,7)(1,1)(133,133) 968
(5,7)(1,1)(96,96) 968
(1,3)(2,2)(61,61) 969
(1,3)(2,2)(61,61) 969
(8,9)(5,5)(159,159) 970
(8,9)(5,5)(102,102) 970
(9,9)(3,3)(17,17) 971
(9,9)(3,3)(15,15) 971
(2,4)(9,9)(224,224) 972
(2,4)(9,9)(101,101) 972
(2,2)(7,8)(56,56) 973
(2,2)(7,8)(56,56) 973
(4,4)(5,7)(159,159) 974
(4,4)(5,7)(104,104) 974
(9,9)(7,7)(305,306) 975
(9,9)(7,7)(104,105) 975
(1,1)(3,3)(227,230) 976
(1,1)(3,3)(101,104) 976
(6,6)(6,8)(27,27) 977
(6,6)(6,8)(27,27) 977
(4,4)(0,0)(169,171) 978
(4,4)(0,0)(96,98) 978
(0,1)(6,6)(328,328) 979
(0,1)(6,6)(101,101) 979
(8,9)(0,0)(8,8) 980
(8,9)(0,0)(7,7) 980
(7,9)(1,1)(281,281) 981
(7,9)(1,1)(97,97) 981
(3,6)(3,3)(261,261) 982
(3,6)(3,3)(96,96) 982
(3,3)(3,6)(83,83) 983
(3,3)(3,6)(82,82) 983
(6,6)(6,9)(87,87) 984
(6,6)(6,9)(87,87) 984
(7,7)(0,2)(106,106) 985
(7,7)(0,2)(98,98) 985
(3,3)(4,4)(96,97) 986
(3,3)(4,4)(92,93) 986
(0,1)(3,3)(138,138) 987
(0,1)(3,3)(105,105) 987
(0,0)(0,3)(122,122) 988
(0,0)(0,3)(106,106) 988
(6,7)(6,6)(139,139) 989
(6,7)(6,6)(97,97) 989
(6,6)(1,3)(344,344) 990
(6,6)(1,3)(97,97) 990
(5,5)(4,5)(68,68) 991
(5,5)(4,5)(68,68) 991
(1,3)(1,1)(335,335) 992
(1,3)(1,1)(98,98) 992
(9,9)(5,7)(5,5) 993
(9,9)(5,7)(5,5) 993
(8,8)(4,6)(305,305) 994
(8,8)(4,6)(103,103) 994
(3,6)(7,7)(313,313) 995
(3,6)(7,7)(105,105) 995
(7,7)(6,8)(331,331) 996
(7,7)(6,8)(103,103) 996
(5,5)(4,4)(47,50) 997
(5,5)(4,4)(47,50) 997
(4,4)(0,3)(166,166) 998
(4,4)(0,3)(99,99) 998
(5,8)(2,2)(204,204) 999
(5,8)(2,2)(100,100) 999
(4,4)(0,4)(91,91) 1000
(4,4)(0,4)(91,91) 1000
(5,5)(2,4)(70,70) 1001
(5,5)(2,4)(70,70) 1001
(2,2)(5,7)(220,220) 1002
(2,2)(5,7)(102,102) 1002
(6,6)(9,9)(234,235) 1003
(6,6)(9,9)(101,102) 1003
(9,9)(2,2)(258,258) 1004
(9,9)(2,2)(103,103) 1004
(0,2)(7,7)(137,137) 1005
(0,2)(7,7)(103,103) 1005
(4,6)(6,6)(191,191) 1006
(4,6)(6,6)(105,105) 1006
(4,4)(0,3)(309,309) 1007
(4,4)(0,3)(100,100) 1007
(4,5)(8,8)(168,168) 1008
(4,5)(8,8)(101,101) 1008
(0,2)(6,6)(263,263) 1009
(0,2)(6,6)(103,103) 1009
(2,4)(0,0)(175,175) 1010
(2,4)(0,0)(101,101) 1010
(8,8)(8,9)(300,300) 1011
(8,8)(8,9)(101,101) 1011
(7,9)(8,8)(134,134) 1012
(7,9)(8,8)(104,104) 1012
(8,8)(7,7)(51,53) 1013
(8,8)(7,7)(37,39) 1013
(5,5)(4,7)(139,139) 1014
(5,5)(4,7)(106,106) 1014
(2,5)(5,5)(176,176) 1015
(2,5)(5,5)(107,107) 1015
(0,4)(0,0)(329,329) 1016
(0,4)(0,0)(107,107) 1016
(6,6)(1,1)(256,258) 1017
(6,6)(1,1)(98,100) 1017
(1,4)(3,3)(358,358) 1018
(1,4)(3,3)(106,106) 1018
(1,4)(1,1)(137,137) 1019
(1,4)(1,1)(101,101) 1019
(3,5)(4,4)(31,31) 1020
(3,5)(4,4)(31,31) 1020
(5,5)(7,9)(24,24) 1021
(5,5)(7,9)(20,20) 1021
(6,8)(3,3)(163,163) 1022
(6,8)(3,3)(100,100) 1022
(5,5)(0,2)(252,252) 1023
(5,5)(0,2)(101,101) 1023
(7,7)(0,3)(28,28) 1024
(7,7)(0,3)(27,27) 1024
(0,0)(5,7)(226,226) 1025
(0,0)(5,7)(104,104) 1025
(5,6)(5,5)(356,356) 1026
(5,6)(5,5)(108,108) 1026
(4,7)(5,5)(180,180) 1027
(4,7)(5,5)(109,109) 1027
(7,7)(2,3)(193,193) 1028
(7,7)(2,3)(101,101) 1028
(4,6)(6,6)(123,123) 1029
(4,6)(6,6)(107,107) 1029
(3,5)(6,6)(219,219) 1030
(3,5)(6,6)(108,108) 1030
(1,3)(5,5)(305,305) 1031
(1,3)(5,5)(108,108) 1031
(0,0)(0,0)(129,131) 1032
(0,0)(0,0)(108,110) 1032
(7,7)(0,3)(231,231) 1033
(7,7)(0,3)(102,102) 1033
(4,4)(3,4)(3,3) 1034
(4,4)(3,4)(3,3) 1034
(3,3)(5,7)(349,349) 1035
(3,3)(5,7)(109,109) 1035
(7,8)(2,2)(63,63) 1036
(7,8)(2,2)(62,62) 1036
(4,5)(9,9)(3,3) 1037
(4,5)(9,9)(3,3) 1037
(1,1)(6,9)(309,309) 1038
(1,1)(6,9)(104,104) 1038
(9,9)(7,9)(161,161) 1039
(9,9)(7,9)(106,106) 1039
(6,9)(2,2)(41,41) 1040
(6,9)(2,2)(40,40) 1040
(5,7)(2,2)(190,190) 1041
(5,7)(2,2)(103,103) 1041
(4,4)(0,0)(31,33) 1042
(4,4)(0,0)(27,29) 1042
(2,2)(6,9)(258,258) 1043
(2,2)(6,9)(104,104) 1043
(5,5)(5,7)(205,205) 1044
(5,5)(5,7)(110,110) 1044
(3,3)(1,1)(46,46) 1045
(3,3)(1,1)(46,46) 1045
(6,6)(0,0)(132,134) 1046
(6,6)(0,0)(93,95) 1046
(0,0)(5,7)(133,133) 1047
(0,0)(5,7)(105,105) 1047
(3,3)(1,3)(109,109) 1048
(3,3)(1,3)(107,107) 1048
(2,5)(7,7)(37,37) 1049
(2,5)(7,7)(37,37) 1049
(7,7)(0,0)(3,5) 1050
(7,7)(0,0)(2,4) 1050
(3,5)(0,0)(114,114) 1051
(3,5)(0,0)(108,108) 1051
(2,2)(6,6)(6,6) 1052
(2,2)(6,6)(6,6) 1052
(5,8)(4,4)(339,339) 1053
(5,8)(4,4)(107,107) 1053
(5,5)(6,8)(344,344) 1054
(5,5)(6,8)(111,111) 1054
(3,3)(0,0)(215,215) 1055
(3,3)(0,0)(109,109) 1055
(9,9)(2,5)(319,319) 1056
(9,9)(2,5)(104,104) 1056
(3,5)(4,4)(297,297) 1057
(3,5)(4,4)(108,108) 1057
(3,3)(4,6)(72,72) 1058
(3,3)(4,6)(69,69) 1058
(4,6)(9,9)(216,216) 1059
(4,6)(9,9)(103,103) 1059
(0,2)(3,3)(140,140) 1060
(0,2)(3,3)(107,107) 1060
(3,5)(7,7)(203,203) 1061
(3,5)(7,7)(112,112) 1061
(6,7)(1,1)(313,313) 1062
(6,7)(1,1)(103,103) 1062
(7,7)(9,9)(347,349) 1063
(7,7)(9,9)(99,101) 1063
(2,3)(6,6)(278,278) 1064
(2,3)(6,6)(110,110) 1064
(4,4)(2,4)(191,191) 1065
(4,4)(2,4)(109,109) 1065
(3,3)(3,4)(71,71) 1066
(3,3)(3,4)(70,70) 1066
(8,8)(1,3)(3,3) 1067
(8,8)(1,3)(2,2) 1067
(4,5)(2,2)(285,285) 1068
(4,5)(2,2)(110,110) 1068
(1,1)(9,9)(158,160) 1069
(1,1)(9,9)(105,107) 1069
(7,7)(6,9)(13,13) 1070
(7,7)(6,9)(13,13) 1070
(8,8)(2,6)(45,45) 1071
(8,8)(2,6)(42,42) 1071
(7,9)(2,2)(310,310) 1072
(7,9)(2,2)(105,105) 1072
(4,7)(9,9)(352,352) 1073
(4,7)(9,9)(104,104) 1073
(0,3)(2,2)(50,50) 1074
(0,3)(2,2)(50,50) 1074
(8,9)(9,9)(25,25) 1075
(8,9)(9,9)(25,25) 1075
(1,1)(6,8)(223,223) 1076
(1,1)(6,8)(105,105) 1076
(3,3)(1,3)(266,266) 1077
(3,3)(1,3)(108,108) 1077
(3,5)(9,9)(168,168) 1078
(3,5)(9,9)(105,105) 1078
(2,4)(2,2)(55,55) 1079
(2,4)(2,2)(54,54) 1079
(1,1)(2,4)(8,8) 1080
(1,1)(2,4)(8,8) 1080
(1,1)(0,2)(101,101) 1081
(1,1)(0,2)(101,101) 1081
(6,8)(1,1)(49,49) 1082
(6,8)(1,1)(49,49) 1082
(3,4)(6,6)(171,171) 1083
(3,4)(6,6)(111,111) 1083
(4,4)(3,5)(124,124) 1084
(4,4)(3,5)(110,110) 1084
(0,3)(3,3)(144,144) 1085
(0,3)(3,3)(109,109) 1085
(0,2)(5,5)(186,186) 1086
(0,2)(5,5)(109,109) 1086
(2,2)(5,5)(225,227) 1087
(2,2)(5,5)(110,112) 1087
(0,2)(4,4)(242,242) 1088
(0,2)(4,4)(101,101) 1088
(6,6)(4,6)(153,153) 1089
(6,6)(4,6)(110,110) 1089
(4,6)(6,6)(35,35) 1090
(4,6)(6,6)(35,35) 1090
(1,3)(3,3)(136,136) 1091
(1,3)(3,3)(110,110) 1091
(2,4)(3,3)(38,38) 1092
(2,4)(3,3)(36,36) 1092
(6,6)(7,9)(125,125) 1093
(6,6)(7,9)(106,106) 1093
(8,9)(1,1)(7,7) 1094
(8,9)(1,1)(6,6) 1094
(8,8)(4,6)(111,111) 1095
(8,8)(4,6)(108,108) 1095
(3,5)(7,7)(82,82) 1096
(3,5)(7,7)(82,82) 1096
(6,6)(1,1)(316,319) 1097
(6,6)(1,1)(104,107) 1097
(7,7)(1,4)(132,132) 1098
(7,7)(1,4)(108,108) 1098
(2,6)(2,2)(130,130) 1099
(2,6)(2,2)(111,111) 1099
(4,6)(8,8)(197,197) 1100
(4,6)(8,8)(112,112) 1100
(6,6)(3,6)(333,333) 1101
(6,6)(3,6)(111,111) 1101
(1,3)(9,9)(223,223) 1102
(1,3)(9,9)(108,108) 1102
(2,5)(9,9)(297,297) 1103
(2,5)(9,9)(109,109) 1103
(7,7)(0,2)(309,309) 1104
(7,7)(0,2)(109,109) 1104
(0,2)(8,8)(111,111) 1105
(0,2)(8,8)(106,106) 1105
(6,6)(7,8)(237,237) 1106
(6,6)(7,8)(113,113) 1106
(9,9)(4,7)(310,310) 1107
(9,9)(4,7)(107,107) 1107
(3,3)(7,7)(294,296) 1108
(3,3)(7,7)(113,115) 1108
(7,7)(3,6)(109,109) 1109
(7,7)(3,6)(109,109) 1109
(3,5)(2,2)(223,223) 1110
(3,5)(2,2)(112,112) 1110
(1,3)(9,9)(216,216) 1111
(1,3)(9,9)(110,110) 1111
(1,3)(3,3)(290,290) 1112
(1,3)(3,3)(111,111) 1112
(2,2)(3,5)(139,139) 1113
(2,2)(3,5)(113,113) 1113
(4,6)(8,8)(178,178) 1114
(4,6)(8,8)(114,114) 1114
(1,2)(1,1)(265,265) 1115
(1,2)(1,1)(102,102) 1115
(5,7)(8,8)(131,131) 1116
(5,7)(8,8)(115,115) 1116
(1,1)(0,0)(109,111) 1117
(1,1)(0,0)(108,110) 1117
(1,1)(6,6)(283,284) 1118
(1,1)(6,6)(106,107) 1118
(4,7)(8,8)(308,308) 1119
(4,7)(8,8)(116,116) 1119
(7,8)(8,8)(256,256) 1120
(7,8)(8,8)(117,117) 1120
(0,0)(4,5)(108,108) 1121
(0,0)(4,5)(106,106) 1121
(3,3)(7,9)(326,326) 1122
(3,3)(7,9)(116,116) 1122
(4,7)(1,1)(110,110) 1123
(4,7)(1,1)(110,110) 1123
(1,2)(4,4)(1,1) 1124
(1,2)(4,4)(1,1) 1124
(6,6)(7,8)(333,333) 1125
(6,6)(7,8)(117,117) 1125
(1,1)(3,3)(5,7) 1126
(1,1)(3,3)(1,3) 1126
(9,9)(2,3)(280,280) 1127
(9,9)(2,3)(106,106) 1127
(8,8)(6,9)(356,356) 1128
(8,8)(6,9)(118,118) 1128
(8,8)(4,7)(336,336) 1129
(8,8)(4,7)(119,119) 1129
(5,5)(6,8)(129,129) 1130
(5,5)(6,8)(117,117) 1130
(3,4)(1,1)(280,280) 1131
(3,4)(1,1)(111,111) 1131
(7,7)(7,9)(229,229) 1132
(7,7)(7,9)(118,118) 1132
(0,0)(5,7)(220,220) 1133
(0,0)(5,7)(110,110) 1133
(4,4)(4,6)(299,299) 1134
(4,4)(4,6)(112,112) 1134
(5,8)(5,5)(7,7) 1135
(5,8)(5,5)(4,4) 1135
(7,9)(6,6)(142,142) 1136
(7,9)(6,6)(120,120) 1136
(8,8)(0,2)(55,55) 1137
(8,8)(0,2)(52,52) 1137
(4,7)(3,3)(49,49) 1138
(4,7)(3,3)(49,49) 1138
(7,7)(6,6)(293,295) 1139
(7,7)(6,6)(121,123) 1139
(8,8)(5,7)(256,256) 1140
(8,8)(5,7)(121,121) 1140
(5,8)(0,0)(93,93) 1141
(5,8)(0,0)(93,93) 1141
(3,3)(0,3)(309,309) 1142
(3,3)(0,3)(113,113) 1142
(0,3)(4,4)(95,95) 1143
(0,3)(4,4)(95,95) 1143
(4,4)(7,9)(148,148) 1144
(4,4)(7,9)(117,117) 1144
(6,8)(5,5)(154,154) 1145
(6,8)(5,5)(122,122) 1145
(2,4)(8,8)(90,90) 1146
(2,4)(8,8)(88,88) 1146
(0,3)(6,6)(332,332) 1147
(0,3)(6,6)(112,112) 1147
(0,2)(7,7)(311,311) 1148
(0,2)(7,7)(111,111) 1148
(3,3)(1,2)(250,250) 1149
(3,3)(1,2)(114,114) 1149
(6,6)(3,5)(126,126) 1150
(6,6)(3,5)(123,123) 1150
(7,7)(1,1)(271,273) 1151
(7,7)(1,1)(111,113) 1151
(8,8)(0,0)(61,62) 1152
(8,8)(0,0)(59,60) 1152
(8,8)(6,9)(180,180) 1153
(8,8)(6,9)(122,122) 1153
(7,7)(2,5)(37,37) 1154
(7,7)(2,5)(37,37) 1154
(2,4)(6,6)(260,260) 1155
(2,4)(6,6)(113,113) 1155
(1,1)(3,5)(128,128) 1156
(1,1)(3,5)(112,112) 1156
(3,5)(5,5)(75,75) 1157
(3,5)(5,5)(74,74) 1157
(0,0)(1,2)(340,340) 1158
(0,0)(1,2)(107,107) 1158
(0,2)(3,3)(95,95) 1159
(0,2)(3,3)(95,95) 1159
(8,8)(2,4)(351,351) 1160
(8,8)(2,4)(120,120) 1160
(3,3)(8,9)(304,304) 1161
(3,3)(8,9)(117,117) 1161
(0,0)(6,9)(312,312) 1162
(0,0)(6,9)(113,113) 1162
(6,8)(3,3)(350,350) 1163
(6,8)(3,3)(124,124) 1163
(0,2)(5,5)(111,111) 1164
(0,2)(5,5)(111,111) 1164
(2,5)(6,6)(181,181) 1165
(2,5)(6,6)(118,118) 1165
(3,3)(6,9)(21,21) 1166
(3,3)(6,9)(21,21) 1166
(9,9)(2,5)(91,91) 1167
(9,9)(2,5)(89,89) 1167
(9,9)(2,5)(85,85) 1168
(9,9)(2,5)(80,80) 1168
(1,1)(7,8)(56,56) 1169
(1,1)(7,8)(55,55) 1169
(7,7)(6,8)(167,167) 1170
(7,7)(6,8)(124,124) 1170
(0,0)(0,0)(241,243) 1171
(0,0)(0,0)(111,113) 1171
(4,6)(8,8)(126,126) 1172
(4,6)(8,8)(118,118) 1172
(2,2)(2,4)(187,187) 1173
(2,2)(2,4)(114,114) 1173
(7,7)(3,5)(166,166) 1174
(7,7)(3,5)(125,125) 1174
(4,7)(1,1)(245,245) 1175
(4,7)(1,1)(114,114) 1175
(4,6)(7,7)(98,98) 1176
(4,6)(7,7)(95,95) 1176
(7,7)(3,5)(125,125) 1177
(7,7)(3,5)(125,125) 1177
(6,6)(1,1)(145,147) 1178
(6,6)(1,1)(115,117) 1178
(5,5)(0,2)(90,90) 1179
(5,5)(0,2)(90,90) 1179
(1,3)(9,9)(115,115) 1180
(1,3)(9,9)(111,111) 1180
(3,6)(3,3)(355,355) 1181
(3,6)(3,3)(125,125) 1181
(7,8)(7,7)(36,36) 1182
(7,8)(7,7)(34,34) 1182
(2,4)(4,4)(171,171) 1183
(2,4)(4,4)(115,115) 1183
(0,0)(1,1)(119,121) 1184
(0,0)(1,1)(108,110) 1184
(6,6)(3,5)(110,110) 1185
(6,6)(3,5)(110,110) 1185
(5,5)(5,6)(182,182) 1186
(5,5)(5,6)(119,119) 1186
(9,9)(3,6)(172,172) 1187
(9,9)(3,6)(121,121) 1187
(4,6)(4,4)(136,136) 1188
(4,6)(4,4)(124,124) 1188
(9,9)(3,6)(86,86) 1189
(9,9)(3,6)(81,81) 1189
(0,0)(3,5)(315,315) 1190
(0,0)(3,5)(112,112) 1190
(4,5)(5,5)(127,127) 1191
(4,5)(5,5)(120,120) 1191
(4,4)(2,3)(184,184) 1192
(4,4)(2,3)(126,126) 1192
(3,3)(7,9)(127,127) 1193
(3,3)(7,9)(118,118) 1193
(2,3)(6,6)(252,252) 1194
(2,3)(6,6)(119,119) 1194
(6,6)(1,4)(203,203) 1195
(6,6)(1,4)(126,126) 1195
(3,5)(9,9)(275,275) 1196
(3,5)(9,9)(119,119) 1196
(4,4)(4,4)(103,105) 1197
(4,4)(4,4)(100,102) 1197
(8,8)(3,5)(174,174) 1198
(8,8)(3,5)(125,125) 1198
(6,6)(2,5)(245,245) 1199
(6,6)(2,5)(127,127) 1199
(6,6)(1,3)(243,243) 1200
(6,6)(1,3)(128,128) 1200
(6,7)(6,6)(67,67) 1201
(6,7)(6,6)(55,55) 1201
(8,8)(2,3)(2,2) 1202
(8,8)(2,3)(2,2) 1202
(3,3)(7,8)(212,212) 1203
(3,3)(7,8)(119,119) 1203
(1,1)(7,8)(121,121) 1204
(1,1)(7,8)(112,112) 1204
(3,5)(8,8)(274,274) 1205
(3,5)(8,8)(120,120) 1205
(4,6)(2,2)(37,37) 1206
(4,6)(2,2)(36,36) 1206
(9,9)(3,5)(283,283) 1207
(9,9)(3,5)(122,122) 1207
(4,6)(6,6)(3,3) 1208
(4,6)(6,6)(3,3) 1208
(3,5)(6,6)(26,26) 1209
(3,5)(6,6)(26,26) 1209
(8,8)(1,4)(253,253) 1210
(8,8)(1,4)(126,126) 1210
(6,6)(4,6)(231,231) 1211
(6,6)(4,6)(128,128) 1211
(0,3)(0,0)(30,30) 1212
(0,3)(0,0)(28,28) 1212
(6,6)(7,9)(157,157) 1213
(6,6)(7,9)(119,119) 1213
(8,8)(8,9)(59,59) 1214
(8,8)(8,9)(58,58) 1214
(1,1)(6,7)(42,42) 1215
(1,1)(6,7)(42,42) 1215
(3,6)(0,0)(164,164) 1216
(3,6)(0,0)(114,114) 1216
(5,7)(3,3)(51,51) 1217
(5,7)(3,3)(51,51) 1217
(7,7)(1,5)(213,213) 1218
(7,7)(1,5)(126,126) 1218
(7,7)(5,5)(316,318) 1219
(7,7)(5,5)(127,129) 1219
(1,3)(8,8)(171,171) 1220
(1,3)(8,8)(121,121) 1220
(4,4)(0,1)(191,191) 1221
(4,4)(0,1)(115,115) 1221
(5,5)(5,5)(303,305) 1222
(5,5)(5,5)(121,123) 1222
(4,5)(3,3)(96,96) 1223
(4,5)(3,3)(96,96) 1223
(2,2)(5,7)(119,119) 1224
(2,2)(5,7)(119,119) 1224
(3,5)(3,3)(294,294) 1225
(3,5)(3,3)(127,127) 1225
(9,9)(7,9)(10,10) 1226
(9,9)(7,9)(10,10) 1226
(4,5)(0,0)(150,150) 1227
(4,5)(0,0)(116,116) 1227
(0,3)(2,2)(149,149) 1228
(0,3)(2,2)(115,115) 1228
(1,1)(7,8)(343,343) 1229
(1,1)(7,8)(122,122) 1229
(8,8)(2,4)(139,139) 1230
(8,8)(2,4)(127,127) 1230
(3,5)(7,7)(347,347) 1231
(3,5)(7,7)(120,120) 1231
(1,3)(8,8)(26,26) 1232
(1,3)(8,8)(26,26) 1232
(0,1)(4,4)(38,38) 1233
(0,1)(4,4)(33,33) 1233
(7,9)(7,7)(302,302) 1234
(7,9)(7,7)(125,125) 1234
(4,4)(2,4)(143,143) 1235
(4,4)(2,4)(128,128) 1235
(0,1)(4,4)(293,293) 1236
(0,1)(4,4)(113,113) 1236
(4,4)(4,6)(88,88) 1237
(4,4)(4,6)(87,87) 1237
(2,2)(6,6)(299,300) 1238
(2,2)(6,6)(120,121) 1238
(7,8)(9,9)(1,1) 1239
(7,8)(9,9)(1,1) 1239
(6,6)(2,4)(12,12) 1240
(6,6)(2,4)(12,12) 1240
(6,6)(6,8)(330,330) 1241
(6,6)(6,8)(129,129) 1241
(0,2)(9,9)(344,344) 1242
(0,2)(9,9)(114,114) 1242
(0,3)(0,0)(197,197) 1243
(0,3)(0,0)(115,115) 1243
(2,5)(8,8)(324,324) 1244
(2,5)(8,8)(122,122) 1244
(2,4)(0,0)(153,153) 1245
(2,4)(0,0)(117,117) 1245
(9,9)(2,4)(4,4) 1246
(9,9)(2,4)(4,4) 1246
(0,1)(0,0)(133,133) 1247
(0,1)(0,0)(116,116) 1247
(7,7)(8,9)(64,64) 1248
(7,7)(8,9)(58,58) 1248
(1,1)(5,5)(188,190) 1249
(1,1)(5,5)(113,115) 1249
(2,4)(8,8)(300,300) 1250
(2,4)(8,8)(123,123) 1250
(6,6)(4,6)(43,43) 1251
(6,6)(4,6)(42,42) 1251
(6,7)(7,7)(5,5) 1252
(6,7)(7,7)(5,5) 1252
(1,1)(5,7)(170,170) 1253
(1,1)(5,7)(123,123) 1253
(2,4)(2,2)(197,197) 1254
(2,4)(2,2)(129,129) 1254
(4,4)(5,7)(84,84) 1255
(4,4)(5,7)(84,84) 1255
(4,7)(4,4)(220,220) 1256
(4,7)(4,4)(129,129) 1256
(6,8)(9,9)(22,22) 1257
(6,8)(9,9)(18,18) 1257
(1,3)(8,8)(87,87) 1258
(1,3)(8,8)(86,86) 1258
(5,5)(7,8)(300,300) 1259
(5,5)(7,8)(123,123) 1259
(7,7)(5,7)(28,28) 1260
(7,7)(5,7)(28,28) 1260
(3,3)(7,8)(278,278) 1261
(3,3)(7,8)(124,124) 1261
(1,1)(0,4)(55,55) 1262
(1,1)(0,4)(55,55) 1262
(9,9)(5,6)(320,320) 1263
(9,9)(5,6)(123,123) 1263
(0,0)(0,2)(116,116) 1264
(0,0)(0,2)(116,116) 1264
(7,9)(2,2)(30,30) 1265
(7,9)(2,2)(30,30) 1265
(4,4)(5,9)(333,333) 1266
(4,4)(5,9)(124,124) 1266
(4,6)(5,5)(4,4) 1267
(4,6)(5,5)(4,4) 1267
(5,6)(9,9)(28,28) 1268
(5,6)(9,9)(25,25) 1268
(6,7)(1,1)(354,354) 1269
(6,7)(1,1)(129,129) 1269
(9,9)(8,8)(338,339) 1270
(9,9)(8,8)(107,108) 1270
(5,7)(9,9)(189,189) 1271
(5,7)(9,9)(120,120) 1271
(2,2)(3,6)(274,274) 1272
(2,2)(3,6)(122,122) 1272
(3,5)(6,6)(20,20) 1273
(3,5)(6,6)(20,20) 1273
(2,2)(4,4)(98,98) 1274
(2,2)(4,4)(96,96) 1274
(0,2)(3,3)(275,275) 1275
(0,2)(3,3)(123,123) 1275
(0,0)(0,2)(124,124) 1276
(0,0)(0,2)(117,117) 1276
(4,8)(4,4)(154,154) 1277
(4,8)(4,4)(130,130) 1277
(7,7)(6,9)(96,96) 1278
(7,7)(6,9)(95,95) 1278
(1,4)(4,4)(255,255) 1279
(1,4)(4,4)(131,131) 1279
(7,7)(3,3)(301,302) 1280
(7,7)(3,3)(127,128) 1280
(2,2)(1,4)(18,18) 1281
(2,2)(1,4)(17,17) 1281
(4,4)(0,2)(273,273) 1282
(4,4)(0,2)(130,130) 1282
(3,7)(2,2)(209,209) 1283
(3,7)(2,2)(131,131) 1283
(3,5)(9,9)(61,61) 1284
(3,5)(9,9)(58,58) 1284
(4,8)(7,7)(304,304) 1285
(4,8)(7,7)(130,130) 1285
(3,3)(4,6)(254,254) 1286
(3,3)(4,6)(132,132) 1286
(3,6)(6,6)(222,222) 1287
(3,6)(6,6)(133,133) 1287
(3,6)(1,1)(278,278) 1288
(3,6)(1,1)(131,131) 1288
(7,7)(2,4)(156,156) 1289
(7,7)(2,4)(132,132) 1289
(1,1)(4,6)(315,315) 1290
(1,1)(4,6)(132,132) 1290
(5,8)(7,7)(85,85) 1291
(5,8)(7,7)(85,85) 1291
(5,6)(4,4)(208,208) 1292
(5,6)(4,4)(131,131) 1292
(8,8)(2,2)(311,314) 1293
(8,8)(2,2)(128,131) 1293
(5,9)(9,9)(117,117) 1294
(5,9)(9,9)(110,110) 1294
(6,7)(6,6)(306,306) 1295
(6,7)(6,6)(134,134) 1295
(3,5)(9,9)(56,56) 1296
(3,5)(9,9)(55,55) 1296
(0,2)(3,3)(74,74) 1297
(0,2)(3,3)(74,74) 1297
(5,5)(2,2)(215,217) 1298
(5,5)(2,2)(132,134) 1298
(6,6)(6,8)(151,151) 1299
(6,6)(6,8)(135,135) 1299
(5,6)(5,5)(24,24) 1300
(5,6)(5,5)(23,23) 1300
(5,5)(2,4)(221,221) 1301
(5,5)(2,4)(135,135) 1301
(6,7)(0,0)(325,325) 1302
(6,7)(0,0)(115,115) 1302
(4,6)(5,5)(275,275) 1303
(4,6)(5,5)(129,129) 1303
(6,6)(3,6)(170,170) 1304
(6,6)(3,6)(136,136) 1304
(0,2)(6,6)(217,217) 1305
(0,2)(6,6)(133,133) 1305
(8,8)(2,2)(286,286) 1306
(8,8)(2,2)(132,132) 1306
(1,1)(7,9)(127,127) 1307
(1,1)(7,9)(124,124) 1307
(2,2)(0,3)(318,318) 1308
(2,2)(0,3)(130,130) 1308
(6,6)(5,6)(98,98) 1309
(6,6)(5,6)(98,98) 1309
(2,4)(5,5)(204,204) 1310
(2,4)(5,5)(133,133) 1310
(1,4)(1,1)(12,12) 1311
(1,4)(1,1)(12,12) 1311
(6,7)(5,5)(321,321) 1312
(6,7)(5,5)(137,137) 1312
(8,9)(2,2)(118,118) 1313
(8,9)(2,2)(107,107) 1313
(7,9)(5,5)(23,23) 1314
(7,9)(5,5)(23,23) 1314
(1,3)(3,3)(2,2) 1315
(1,3)(3,3)(1,1) 1315
(8,8)(7,7)(254,255) 1316
(8,8)(7,7)(131,132) 1316
(6,6)(2,5)(353,353) 1317
(6,6)(2,5)(138,138) 1317
(0,0)(2,5)(29,29) 1318
(0,0)(2,5)(29,29) 1318
(1,3)(1,1)(322,322) 1319
(1,3)(1,1)(132,132) 1319
(8,9)(5,5)(176,176) 1320
(8,9)(5,5)(126,126) 1320
(0,0)(3,5)(149,149) 1321
(0,0)(3,5)(124,124) 1321
(3,6)(0,0)(312,312) 1322
(3,6)(0,0)(131,131) 1322
(2,4)(5,5)(340,340) 1323
(2,4)(5,5)(134,134) 1323
(2,2)(2,5)(258,258) 1324
(2,2)(2,5)(135,135) 1324
(5,5)(0,3)(297,297) 1325
(5,5)(0,3)(136,136) 1325
(3,5)(5,5)(301,301) 1326
(3,5)(5,5)(135,135) 1326
(4,5)(7,7)(101,101) 1327
(4,5)(7,7)(101,101) 1327
(5,5)(5,6)(346,346) 1328
(5,5)(5,6)(136,136) 1328
(2,4)(8,8)(169,169) 1329
(2,4)(8,8)(125,125) 1329
(5,6)(8,8)(109,109) 1330
(5,6)(8,8)(107,107) 1330
(5,5)(2,4)(340,340) 1331
(5,5)(2,4)(137,137) 1331
(2,2)(3,5)(8,8) 1332
(2,2)(3,5)(8,8) 1332
(0,2)(2,2)(235,235) 1333
(0,2)(2,2)(136,136) 1333
(9,9)(2,5)(343,343) 1334
(9,9)(2,5)(127,127) 1334
(6,8)(0,0)(289,289) 1335
(6,8)(0,0)(132,132) 1335
(1,3)(3,3)(339,339) 1336
(1,3)(3,3)(136,136) 1336
(8,8)(1,3)(110,110) 1337
(8,8)(1,3)(108,108) 1337
(0,2)(3,3)(223,223) 1338
(0,2)(3,3)(137,137) 1338
(5,5)(3,5)(14,14) 1339
(5,5)(3,5)(11,11) 1339
(6,9)(6,6)(42,42) 1340
(6,9)(6,6)(42,42) 1340
(0,1)(5,5)(299,299) 1341
(0,1)(5,5)(133,133) 1341
(4,6)(8,8)(57,57) 1342
(4,6)(8,8)(57,57) 1342
(5,7)(3,3)(76,76) 1343
(5,7)(3,3)(76,76) 1343
(5,5)(1,3)(2,2) 1344
(5,5)(1,3)(1,1) 1344
(5,5)(4,7)(194,194) 1345
(5,5)(4,7)(138,138) 1345
(5,7)(9,9)(174,174) 1346
(5,7)(9,9)(121,121) 1346
(4,4)(2,2)(225,227) 1347
(4,4)(2,2)(132,134) 1347
(3,5)(9,9)(57,57) 1348
(3,5)(9,9)(56,56) 1348
(1,1)(5,7)(254,254) 1349
(1,1)(5,7)(134,134) 1349
(7,7)(7,7)(99,99) 1350
(7,7)(7,7)(96,96) 1350
(7,7)(8,8)(60,63) 1351
(7,7)(8,8)(59,62) 1351
(6,9)(5,5)(277,277) 1352
(6,9)(5,5)(139,139) 1352
(0,3)(1,1)(107,107) 1353
(0,3)(1,1)(107,107) 1353
(0,2)(7,7)(117,117) 1354
(0,2)(7,7)(114,114) 1354
(5,5)(4,7)(109,109) 1355
(5,5)(4,7)(109,109) 1355
(2,4)(8,8)(276,276) 1356
(2,4)(8,8)(126,126) 1356
(3,5)(8,8)(240,240) 1357
(3,5)(8,8)(127,127) 1357
(3,3)(2,4)(45,45) 1358
(3,3)(2,4)(45,45) 1358
(0,0)(6,8)(53,53) 1359
(0,0)(6,8)(53,53) 1359
(4,4)(0,2)(159,159) 1360
(4,4)(0,2)(135,135) 1360
(5,5)(9,9)(217,219) 1361
(5,5)(9,9)(122,124) 1361
(7,7)(3,4)(31,31) 1362
(7,7)(3,4)(31,31) 1362
(1,1)(7,9)(274,274) 1363
(1,1)(7,9)(135,135) 1363
(5,5)(2,2)(14,14) 1364
(5,5)(2,2)(13,13) 1364
(6,6)(2,3)(241,241) 1365
(6,6)(2,3)(139,139) 1365
(7,9)(6,6)(333,333) 1366
(7,9)(6,6)(135,135) 1366
(7,8)(0,0)(304,304) 1367
(7,8)(0,0)(133,133) 1367
(5,7)(0,0)(270,270) 1368
(5,7)(0,0)(137,137) 1368
(5,5)(2,3)(147,147) 1369
(5,5)(2,3)(138,138) 1369
(4,4)(5,7)(244,244) 1370
(4,4)(5,7)(136,136) 1370
(8,9)(7,7)(128,128) 1371
(8,9)(7,7)(126,126) 1371
(3,3)(3,5)(4,4) 1372
(3,3)(3,5)(3,3) 1372
(3,3)(2,3)(40,40) 1373
(3,3)(2,3)(37,37) 1373
(2,3)(9,9)(278,278) 1374
(2,3)(9,9)(120,120) 1374
(0,2)(5,5)(280,280) 1375
(0,2)(5,5)(136,136) 1375
(1,1)(2,4)(54,54) 1376
(1,1)(2,4)(54,54) 1376
(4,5)(0,0)(173,173) 1377
(4,5)(0,0)(138,138) 1377
(6,6)(2,3)(250,250) 1378
(6,6)(2,3)(140,140) 1378
(4,4)(3,3)(249,251) 1379
(4,4)(3,3)(129,131) 1379
(5,7)(1,1)(61,61) 1380
(5,7)(1,1)(60,60) 1380
(2,4)(3,3)(35,35) 1381
(2,4)(3,3)(35,35) 1381
(1,1)(2,4)(194,194) 1382
(1,1)(2,4)(138,138) 1382
(6,7)(4,4)(350,350) 1383
(6,7)(4,4)(139,139) 1383
(6,9)(1,1)(228,228) 1384
(6,9)(1,1)(132,132) 1384
(7,9)(2,2)(288,288) 1385
(7,9)(2,2)(133,133) 1385
(0,1)(2,2)(32,32) 1386
(0,1)(2,2)(32,32) 1386
(7,9)(3,3)(235,235) 1387
(7,9)(3,3)(133,133) 1387
(2,2)(2,4)(227,227) 1388
(2,2)(2,4)(138,138) 1388
(7,8)(8,8)(162,162) 1389
(7,8)(8,8)(125,125) 1389
(3,3)(4,6)(336,336) 1390
(3,3)(4,6)(136,136) 1390
(4,4)(5,8)(28,28) 1391
(4,4)(5,8)(28,28) 1391
(0,1)(9,9)(118,118) 1392
(0,1)(9,9)(115,115) 1392
(1,1)(5,7)(213,213) 1393
(1,1)(5,7)(137,137) 1393
(3,3)(6,8)(42,42) 1394
(3,3)(6,8)(39,39) 1394
(9,9)(5,7)(89,89) 1395
(9,9)(5,7)(89,89) 1395
(9,9)(1,3)(173,173) 1396
(9,9)(1,3)(134,134) 1396
(7,7)(6,7)(128,128) 1397
(7,7)(6,7)(126,126) 1397
(3,3)(7,9)(301,301) 1398
(3,3)(7,9)(128,128) 1398
(3,3)(6,7)(185,185) 1399
(3,3)(6,7)(137,137) 1399
(2,2)(3,3)(70,71) 1400
(2,2)(3,3)(67,68) 1400
(5,8)(7,7)(247,247) 1401
(5,8)(7,7)(139,139) 1401
(1,3)(1,1)(142,142) 1402
(1,3)(1,1)(133,133) 1402
(4,7)(6,6)(304,304) 1403
(4,7)(6,6)(139,139) 1403
(0,0)(2,3)(153,153) 1404
(0,0)(2,3)(138,138) 1404
(1,3)(5,5)(148,148) 1405
(1,3)(5,5)(138,138) 1405
(3,3)(3,5)(68,68) 1406
(3,3)(3,5)(68,68) 1406
(6,6)(4,7)(226,226) 1407
(6,6)(4,7)(140,140) 1407
(4,6)(7,7)(230,230) 1408
(4,6)(7,7)(141,141) 1408
(6,6)(7,9)(11,11) 1409
(6,6)(7,9)(7,7) 1409
(2,5)(8,8)(330,330) 1410
(2,5)(8,8)(129,129) 1410
(1,3)(3,3)(225,225) 1411
(1,3)(3,3)(139,139) 1411
(8,8)(5,7)(12,12) 1412
(8,8)(5,7)(12,12) 1412
(3,5)(0,0)(325,325) 1413
(3,5)(0,0)(139,139) 1413
(7,7)(3,5)(74,74) 1414
(7,7)(3,5)(74,74) 1414
(4,6)(7,7)(337,337) 1415
(4,6)(7,7)(142,142) 1415
(0,0)(2,4)(336,336) 1416
(0,0)(2,4)(139,139) 1416
(7,9)(6,6)(297,297) 1417
(7,9)(6,6)(140,140) 1417
(1,1)(2,5)(118,118) 1418
(1,1)(2,5)(116,116) 1418
(4,4)(2,4)(138,138) 1419
(4,4)(2,4)(136,136) 1419
(4,7)(2,2)(71,71) 1420
(4,7)(2,2)(71,71) 1420
(0,2)(8,8)(132,132) 1421
(0,2)(8,8)(130,130) 1421
(2,5)(2,2)(195,195) 1422
(2,5)(2,2)(139,139) 1422
(6,6)(6,8)(234,234) 1423
(6,6)(6,8)(143,143) 1423
(5,5)(4,6)(270,270) 1424
(5,5)(4,6)(140,140) 1424
(8,9)(2,2)(49,49) 1425
(8,9)(2,2)(43,43) 1425
(0,0)(3,4)(123,123) 1426
(0,0)(3,4)(114,114) 1426
(1,1)(6,8)(318,318) 1427
(1,1)(6,8)(138,138) 1427
(0,3)(3,3)(288,288) 1428
(0,3)(3,3)(140,140) 1428
(3,3)(3,5)(311,311) 1429
(3,3)(3,5)(141,141) 1429
(7,9)(1,1)(200,200) 1430
(7,9)(1,1)(135,135) 1430
(6,6)(3,5)(296,296) 1431
(6,6)(3,5)(141,141) 1431
(7,7)(7,7)(51,52) 1432
(7,7)(7,7)(51,52) 1432
(1,2)(5,5)(150,150) 1433
(1,2)(5,5)(139,139) 1433
(2,4)(1,1)(161,161) 1434
(2,4)(1,1)(136,136) 1434
(5,5)(5,8)(86,86) 1435
(5,5)(5,8)(86,86) 1435
(5,5)(1,1)(350,353) 1436
(5,5)(1,1)(137,140) 1436
(7,9)(2,2)(125,125) 1437
(7,9)(2,2)(121,121) 1437
(5,5)(0,0)(203,205) 1438
(5,5)(0,0)(140,142) 1438
(1,3)(7,7)(211,211) 1439
(1,3)(7,7)(139,139) 1439
(1,1)(2,5)(92,92) 1440
(1,1)(2,5)(90,90) 1440
(5,5)(0,2)(112,112) 1441
(5,5)(0,2)(112,112) 1441
(5,6)(4,4)(273,273) 1442
(5,6)(4,4)(142,142) 1442
(4,4)(3,6)(183,183) 1443
(4,4)(3,6)(140,140) 1443
(9,9)(3,3)(57,57) 1444
(9,9)(3,3)(57,57) 1444
(1,1)(4,5)(276,276) 1445
(1,1)(4,5)(140,140) 1445
(7,7)(4,7)(239,239) 1446
(7,7)(4,7)(141,141) 1446
(2,2)(1,2)(238,238) 1447
(2,2)(1,2)(140,140) 1447
(6,8)(4,4)(183,183) 1448
(6,8)(4,4)(143,143) 1448
(0,0)(1,3)(1,1) 1449
(0,0)(1,3)(1,1) 1449
(9,9)(2,4)(83,83) 1450
(9,9)(2,4)(82,82) 1450
(0,1)(0,0)(259,259) 1451
(0,1)(0,0)(118,118) 1451
(4,5)(6,6)(226,226) 1452
(4,5)(6,6)(141,141) 1452
(6,8)(6,6)(197,197) 1453
(6,8)(6,6)(144,144) 1453
(6,9)(1,1)(360,360) 1454
(6,9)(1,1)(136,136) 1454
(8,8)(5,8)(299,299) 1455
(8,8)(5,8)(145,145) 1455
(0,2)(6,6)(161,161) 1456
(0,2)(6,6)(139,139) 1456
(6,9)(9,9)(302,302) 1457
(6,9)(9,9)(123,123) 1457
(6,9)(4,4)(80,80) 1458
(6,9)(4,4)(79,79) 1458
(7,8)(3,3)(135,135) 1459
(7,8)(3,3)(134,134) 1459
(1,1)(6,6)(287,289) 1460
(1,1)(6,6)(140,142) 1460
(1,3)(4,4)(2,2) 1461
(1,3)(4,4)(2,2) 1461
(0,2)(7,7)(208,208) 1462
(0,2)(7,7)(140,140) 1462
(9,9)(6,9)(187,187) 1463
(9,9)(6,9)(141,141) 1463
(4,6)(4,4)(237,237) 1464
(4,6)(4,4)(144,144) 1464
(0,0)(5,5)(227,231) 1465
(0,0)(5,5)(137,141) 1465
(6,6)(8,9)(154,154) 1466
(6,6)(8,9)(144,144) 1466
(6,6)(7,8)(177,177) 1467
(6,6)(7,8)(145,145) 1467
(8,8)(0,3)(169,169) 1468
(8,8)(0,3)(137,137) 1468
(4,7)(8,8)(145,145) 1469
(4,7)(8,8)(145,145) 1469
(0,0)(6,7)(79,79) 1470
(0,0)(6,7)(75,75) 1470
(7,8)(8,8)(332,332) 1471
(7,8)(8,8)(146,146) 1471
(6,8)(8,8)(253,253) 1472
(6,8)(8,8)(147,147) 1472
(0,0)(6,9)(303,303) 1473
(0,0)(6,9)(141,141) 1473
(7,9)(2,2)(134,134) 1474
(7,9)(2,2)(134,134) 1474
(7,7)(0,4)(269,269) 1475
(7,7)(0,4)(144,144) 1475
(3,5)(7,7)(49,49) 1476
(3,5)(7,7)(49,49) 1476
(1,4)(4,4)(37,37) 1477
(1,4)(4,4)(35,35) 1477
(5,7)(7,7)(118,118) 1478
(5,7)(7,7)(118,118) 1478
(5,7)(5,5)(31,31) 1479
(5,7)(5,5)(31,31) 1479
(4,4)(5,7)(93,93) 1480
(4,4)(5,7)(92,92) 1480
(4,4)(3,6)(238,238) 1481
(4,4)(3,6)(145,145) 1481
(5,5)(6,6)(306,308) 1482
(5,5)(6,6)(142,144) 1482
(0,0)(2,4)(87,87) 1483
(0,0)(2,4)(87,87) 1483
(2,4)(6,6)(17,17) 1484
(2,4)(6,6)(15,15) 1484
(4,4)(2,3)(283,283) 1485
(4,4)(2,3)(146,146) 1485
(9,9)(0,2)(86,86) 1486
(9,9)(0,2)(83,83) 1486
(1,1)(5,8)(123,123) 1487
(1,1)(5,8)(123,123) 1487
(0,0)(4,5)(222,222) 1488
(0,0)(4,5)(142,142) 1488
(6,6)(3,6)(88,88) 1489
(6,6)(3,6)(88,88) 1489
(1,1)(0,2)(257,257) 1490
(1,1)(0,2)(139,139) 1490
(7,9)(4,4)(314,314) 1491
(7,9)(4,4)(145,145) 1491
(2,2)(3,3)(134,135) 1492
(2,2)(3,3)(131,132) 1492
(8,9)(9,9)(28,28) 1493
(8,9)(9,9)(26,26) 1493
(0,1)(1,1)(32,32) 1494
(0,1)(1,1)(32,32) 1494
(7,9)(3,3)(255,255) 1495
(7,9)(3,3)(145,145) 1495
(3,4)(6,6)(7,7) 1496
(3,4)(6,6)(6,6) 1496
(6,6)(2,4)(1,1) 0
(3,3)(7,8)(1,1) 10
(3,4)(1,1)(1,1) 11
(9,9)(1,3)(1,1) 17
(4,4)(7,8)(1,1) 32
(6,6)(2,5)(1,1) 245
(7,7)(2,3)(1,1) 305
(9,9)(2,3)(1,1) 309
(6,6)(7,8)(1,1) 428
(7,8)(9,9)(1,1) 1239
(1,3)(3,3)(1,1) 1315
(5,5)(1,3)(1,1) 1344
(0,0)(1,3)(1,1) 1449
(2,2)(4,4)(1,2) 1
(3,6)(4,4)(2,2) 5
(6,6)(9,9)(2,2) 8
(8,8)(8,8)(1,2) 56
(7,7)(9,9)(1,2) 65
(2,3)(5,5)(2,2) 403
(0,0)(4,4)(1,2) 500
(0,0)(7,9)(2,2) 782
(8,8)(1,3)(2,2) 1067
(8,8)(2,3)(2,2) 1202
(1,3)(4,4)(2,2) 1461
(0,0)(2,2)(1,3) 42
(1,1)(6,6)(1,3) 653
(4,4)(3,4)(3,3) 1034
(4,5)(9,9)(3,3) 1037
(1,1)(3,3)(1,3) 1126
(4,6)(6,6)(3,3) 1208
(3,3)(3,5)(3,3) 1372
(6,6)(7,7)(4,4) 13
(8,8)(0,1)(4,4) 20
(5,8)(6,6)(4,4) 21
(9,9)(2,2)(2,4) 25
(3,3)(7,9)(4,4) 47
(5,6)(8,8)(4,4) 72
(0,0)(0,0)(2,4) 99
(1,1)(0,0)(2,4) 178
(2,2)(1,4)(4,4) 236
(6,6)(1,1)(2,4) 692
(3,6)(6,6)(4,4) 867
(7,7)(0,0)(2,4) 1050
(5,8)(5,5)(4,4) 1135
(9,9)(2,4)(4,4) 1246
(4,6)(5,5)(4,4) 1267
(2,2)(4,6)(5,5) 30
(5,5)(6,7)(5,5) 59
(0,0)(3,6)(5,5) 73
(4,4)(0,0)(1,5) 213
(2,2)(3,6)(5,5) 255
(4,4)(8,9)(5,5) 486
(6,8)(9,9)(5,5) 510
(6,7)(6,6)(5,5) 614
(9,9)(7,9)(5,5) 954
(9,9)(5,7)(5,5) 993
(6,7)(7,7)(5,5) 1252
(2,2)(5,6)(6,6) 33
(5,5)(0,1)(6,6) 44
(2,4)(0,0)(6,6) 51
(2,2)(1,4)(6,6) 63
(2,3)(9,9)(6,6) 114
(7,7)(7,9)(6,6) 768
(2,2)(6,6)(6,6) 1052
(8,9)(1,1)(6,6) 1094
(3,4)(6,6)(6,6) 1496
(7,7)(8,8)(5,7) 41
(2,4)(5,5)(7,7) 96
(8,9)(0,0)(7,7) 980
(6,6)(7,9)(7,7) 1409
(4,4)(3,3)(7,8) 76
(3,3)(0,1)(8,8) 83
(9,9)(1,3)(8,8) 85
(6,6)(0,2)(8,8) 86
(1,1)(2,4)(8,8) 87
(7,9)(0,0)(8,8) 105
(4,4)(0,2)(8,8) 950
(1,1)(2,4)(8,8) 1080
(2,2)(3,5)(8,8) 1332
(3,3)(6,7)(9,9) 54
(6,6)(4,4)(8,9) 60
(2,2)(6,9)(9,9) 159
(5,5)(5,5)(9,9) 189
(8,8)(4,6)(9,9) 912
(8,8)(5,7)(10,10) 57
(1,3)(6,6)(10,10) 67
(7,7)(4,6)(10,10) 69
(1,1)(9,9)(8,10) 424
(3,5)(4,4)(10,10) 576
(9,9)(4,4)(9,10) 846
(9,9)(7,9)(10,10) 1226
(4,4)(6,7)(11,11) 92
(6,6)(1,3)(11,11) 100
(8,9)(3,3)(11,11) 192
(8,8)(0,2)(11,11) 240
(5,5)(3,5)(11,11) 1339
(8,8)(5,7)(12,12) 77
(1,4)(1,1)(12,12) 103
(6,6)(2,4)(12,12) 108
(9,9)(7,7)(10,12) 128
(1,3)(6,6)(12,12) 187
(3,4)(5,5)(12,12) 249
(3,4)(2,2)(12,12) 812
(6,6)(2,4)(12,12) 1240
(1,4)(1,1)(12,12) 1311
(8,8)(5,7)(12,12) 1412
(8,8)(7,9)(13,13) 144
(0,1)(7,7)(13,13) 291
(0,2)(9,9)(13,13) 880
(7,7)(6,9)(13,13) 1070
(5,5)(2,2)(13,13) 1364
(2,2)(5,8)(14,14) 137
(3,3)(6,8)(14,14) 788
(6,6)(0,2)(14,14) 801
(2,2)(4,7)(14,14) 913
(2,4)(2,2)(15,15) 588
(9,9)(7,9)(15,15) 814
(9,9)(3,3)(15,15) 971
(2,4)(6,6)(15,15) 1484
(4,7)(9,9)(16,16) 93
(6,6)(1,2)(16,16) 115
(7,7)(2,2)(16,16) 122
(3,5)(0,0)(16,16) 129
(4,4)(3,5)(16,16) 172
(0,0)(8,8)(13,16) 793
(3,5)(0,0)(16,16) 860
(4,7)(9,9)(16,16) 886
(1,1)(8,8)(16,17) 150
(0,0)(1,4)(17,17) 168
(9,9)(8,8)(15,17) 370
(2,2)(1,4)(17,17) 1281
(4,6)(0,0)(18,18) 138
(1,1)(5,7)(18,18) 151
(3,5)(7,7)(18,18) 153
(9,9)(6,7)(18,18) 186
(5,5)(2,2)(16,18) 466
(4,6)(6,6)(18,18) 784
(6,8)(9,9)(18,18) 1257
(6,7)(3,3)(19,19) 154
(6,8)(7,7)(19,19) 163
(4,4)(7,9)(19,19) 166
(4,4)(3,5)(19,19) 201
(8,8)(3,4)(19,19) 217
(2,2)(4,4)(19,19) 241
(4,8)(3,3)(19,19) 622
(3,3)(0,2)(20,20) 162
(7,7)(2,3)(20,20) 164
(1,3)(9,9)(20,20) 194
(9,9)(3,6)(20,20) 222
(1,1)(2,4)(20,20) 276
(2,2)(9,9)(18,20) 800
(7,7)(3,7)(20,20) 910
(5,5)(7,9)(20,20) 1021
(3,5)(6,6)(20,20) 1273
(0,0)(2,4)(21,21) 233
(2,2)(2,3)(21,21) 385
(8,8)(0,2)(21,21) 761
(1,2)(6,6)(21,21) 856
(2,2)(3,4)(21,21) 933
(3,3)(6,9)(21,21) 1166
(5,7)(0,0)(22,22) 220
(6,6)(0,3)(22,22) 353
(7,7)(6,7)(23,23) 198
(6,9)(8,8)(23,23) 205
(4,5)(4,4)(23,23) 247
(2,2)(7,8)(23,23) 917
(5,6)(5,5)(23,23) 1300
(7,9)(5,5)(23,23) 1314
(5,5)(3,3)(22,24) 169
(7,8)(8,8)(25,25) 211
(1,1)(5,7)(25,25) 229
(4,7)(1,1)(25,25) 389
(7,7)(8,8)(23,25) 597
(5,6)(9,9)(25,25) 1268
(2,2)(0,1)(26,26) 252
(2,4)(3,3)(26,26) 253
(1,1)(6,9)(26,26) 263
(0,0)(6,7)(26,26) 304
(0,0)(3,5)(26,26) 378
(3,5)(6,6)(26,26) 1209
(1,3)(8,8)(26,26) 1232
(8,9)(9,9)(26,26) 1493
(5,5)(7,8)(27,27) 215
(8,9)(4,4)(27,27) 266
(9,9)(1,3)(27,27) 267
(8,8)(0,2)(27,27) 286
(8,8)(0,2)(27,27) 532
(6,6)(6,8)(27,27) 977
(7,7)(0,3)(27,27) 1024
(3,3)(3,5)(28,28) 270
(0,2)(1,1)(28,28) 272
(6,6)(4,6)(28,28) 293
(0,0)(6,8)(28,28) 324
(1,1)(8,9)(28,28) 392
(9,9)(9,9)(25,28) 429
(0,3)(0,0)(28,28) 1212
(7,7)(5,7)(28,28) 1260
(4,4)(5,8)(28,28) 1391
(3,4)(2,2)(29,29) 268
(6,9)(8,8)(29,29) 278
(5,5)(1,3)(29,29) 289
(2,2)(9,9)(27,29) 321
(0,0)(3,5)(29,29) 322
(8,8)(0,3)(29,29) 338
(9,9)(0,2)(29,29) 344
(6,8)(3,3)(29,29) 498
(4,4)(0,0)(27,29) 1042
(0,0)(2,5)(29,29) 1318
(8,8)(7,8)(30,30) 281
(2,4)(3,3)(30,30) 290
(0,0)(2,4)(30,30) 329
(1,4)(2,2)(30,30) 379
(0,3)(1,1)(30,30) 915
(1,1)(8,8)(28,30) 931
(7,9)(2,2)(30,30) 1265
(4,7)(4,4)(31,31) 296
(3,3)(2,4)(31,31) 299
(2,3)(5,5)(31,31) 311
(7,9)(5,5)(31,31) 335
(7,9)(6,6)(31,31) 590
(3,5)(4,4)(31,31) 1020
(7,7)(3,4)(31,31) 1362
(5,7)(5,5)(31,31) 1479
(7,7)(2,4)(32,32) 297
(5,7)(8,8)(32,32) 298
(0,0)(0,0)(32,32) 382
(7,7)(6,6)(31,32) 383
(0,0)(1,3)(32,32) 398
(6,8)(7,7)(32,32) 580
(7,7)(6,7)(32,32) 677
(5,5)(9,9)(30,32) 828
(1,2)(8,8)(32,32) 903
(0,1)(2,2)(32,32) 1386
(0,1)(1,1)(32,32) 1494
(5,5)(1,4)(33,33) 355
(9,9)(7,8)(33,33) 454
(3,3)(3,5)(33,33) 476
(6,6)(0,0)(30,33) 555
(0,1)(4,4)(33,33) 1233
(2,2)(0,2)(34,34) 340
(6,6)(7,9)(34,34) 356
(9,9)(5,6)(34,34) 452
(0,1)(9,9)(34,34) 600
(7,9)(5,5)(34,34) 626
(3,3)(8,8)(32,34) 799
(7,8)(7,7)(34,34) 1182
(6,6)(3,5)(35,35) 339
(3,3)(1,3)(35,35) 667
(4,6)(6,6)(35,35) 1090
(2,4)(3,3)(35,35) 1381
(1,4)(4,4)(35,35) 1477
(5,5)(3,5)(36,36) 330
(6,9)(0,0)(36,36) 407
(7,7)(7,8)(36,36) 436
(0,0)(7,7)(34,36) 566
(4,6)(7,7)(36,36) 844
(4,6)(2,2)(36,36) 1206
(4,5)(9,9)(37,37) 328
(9,9)(3,6)(37,37) 459
(7,8)(2,2)(37,37) 494
(8,8)(4,6)(37,37) 766
(5,7)(7,7)(37,37) 901
(2,5)(7,7)(37,37) 1049
(7,7)(2,5)(37,37) 1154
(3,3)(2,3)(37,37) 1373
(2,4)(4,4)(39,39) 347
(5,5)(0,1)(39,39) 401
(4,4)(3,3)(35,39) 404
(9,9)(8,9)(39,39) 497
(8,8)(7,7)(37,39) 1013
(3,3)(6,8)(39,39) 1394
(7,7)(3,5)(40,40) 354
(6,9)(2,2)(40,40) 1040
(6,8)(5,5)(41,41) 388
(4,7)(0,0)(41,41) 415
(5,7)(7,7)(41,41) 746
(8,8)(1,4)(41,41) 893
(7,7)(1,4)(42,42) 571
(1,1)(6,7)(42,42) 1215
(6,6)(4,6)(42,42) 1251
(6,9)(6,6)(42,42) 1340
(2,2)(5,5)(42,43) 818
(8,9)(2,2)(43,43) 1425
(4,4)(4,6)(44,44) 360
(5,5)(5,6)(44,44) 376
(5,5)(4,7)(44,44) 554
(5,7)(0,0)(45,45) 562
(3,3)(2,4)(45,45) 1358
(2,2)(3,5)(46,46) 374
(2,2)(6,8)(46,46) 377
(3,4)(5,5)(46,46) 384
(1,1)(6,9)(46,46) 413
(3,4)(6,6)(46,46) 417
(4,5)(7,7)(46,46) 570
(3,3)(1,1)(46,46) 1045
(7,9)(6,6)(47,47) 656
(1,1)(2,5)(48,48) 416
(4,4)(5,7)(48,48) 421
(4,4)(5,7)(48,48) 719
(7,7)(1,3)(49,49) 437
(1,4)(7,7)(49,49) 439
(5,5)(4,6)(49,49) 444
(5,6)(3,3)(49,49) 470
(5,5)(6,6)(47,49) 826
(6,8)(1,1)(49,49) 1082
(4,7)(3,3)(49,49) 1138
(3,5)(7,7)(49,49) 1476
(3,3)(0,2)(50,50) 425
(7,7)(3,5)(50,50) 455
(0,0)(2,3)(50,50) 469
(6,6)(2,4)(50,50) 474
(5,5)(6,8)(50,50) 504
(8,9)(3,3)(50,50) 717
(5,5)(4,4)(47,50) 997
(0,3)(2,2)(50,50) 1074
(4,4)(3,3)(48,51) 467
(5,7)(3,3)(51,51) 1217
(0,0)(0,0)(50,52) 489
(5,5)(3,3)(50,52) 526
(8,8)(4,4)(50,52) 537
(7,7)(4,6)(52,52) 755
(3,5)(2,2)(52,52) 813
(8,8)(0,2)(52,52) 1137
(7,7)(7,7)(51,52) 1432
(2,2)(5,7)(53,53) 441
(0,0)(6,8)(53,53) 1359
(3,4)(6,6)(54,54) 472
(7,7)(1,1)(52,54) 477
(0,0)(2,2)(51,54) 502
(7,9)(7,7)(54,54) 517
(1,5)(7,7)(54,54) 629
(0,0)(2,2)(51,54) 791
(3,6)(8,8)(54,54) 934
(2,4)(2,2)(54,54) 1079
(1,1)(2,4)(54,54) 1376
(2,2)(4,6)(55,55) 450
(9,9)(7,9)(55,55) 684
(1,1)(7,8)(55,55) 1169
(6,7)(6,6)(55,55) 1201
(1,1)(0,4)(55,55) 1262
(1,1)(2,2)(54,56) 475
(0,1)(1,1)(56,56) 535
(2,3)(3,3)(56,56) 884
(2,2)(7,8)(56,56) 973
(3,5)(9,9)(56,56) 1348
(1,1)(8,8)(55,57) 523
(3,5)(1,1)(57,57) 544
(3,3)(8,8)(55,57) 803
(4,6)(8,8)(57,57) 1342
(9,9)(3,3)(57,57) 1444
(6,8)(4,4)(58,58) 508
(7,7)(3,3)(57,58) 509
(9,9)(0,4)(58,58) 515
(3,5)(4,4)(58,58) 533
(6,6)(7,9)(58,58) 574
(6,9)(5,5)(58,58) 579
(6,8)(3,3)(58,58) 680
(8,8)(8,9)(58,58) 1214
(3,5)(9,9)(58,58) 1284
(3,5)(6,6)(59,59) 540
(8,9)(4,4)(59,59) 549
(8,8)(3,3)(58,59) 551
(7,9)(1,1)(59,59) 909
(2,2)(4,6)(60,60) 519
(5,7)(3,3)(60,60) 527
(5,5)(4,6)(60,60) 561
(9,9)(1,4)(60,60) 568
(9,9)(6,6)(58,60) 663
(2,5)(4,4)(60,60) 765
(8,8)(0,0)(59,60) 1152
(5,7)(1,1)(60,60) 1380
(0,1)(2,2)(61,61) 529
(2,2)(3,5)(61,61) 538
(2,4)(2,2)(61,61) 582
(8,8)(2,4)(61,61) 763
(1,3)(2,2)(61,61) 969
(5,5)(1,2)(62,62) 573
(5,5)(4,5)(62,62) 849
(5,5)(3,5)(62,62) 900
(7,8)(2,2)(62,62) 1036
(7,7)(8,8)(59,62) 1351
(1,3)(1,1)(63,63) 606
(7,7)(4,5)(63,63) 617
(1,5)(0,0)(64,64) 563
(1,2)(8,8)(64,64) 578
(9,9)(1,4)(64,64) 594
(5,5)(1,2)(64,64) 662
(2,2)(2,2)(62,64) 944
(1,1)(2,2)(63,65) 705
(1,1)(6,6)(63,66) 607
(6,7)(1,1)(66,66) 615
(5,5)(7,7)(66,67) 623
(6,6)(4,5)(68,68) 586
(3,3)(8,9)(68,68) 701
(5,5)(4,5)(68,68) 991
(2,2)(3,3)(67,68) 1400
(3,3)(3,5)(68,68) 1406
(5,7)(3,3)(69,69) 602
(5,7)(4,4)(69,69) 621
(1,1)(4,6)(69,69) 633
(0,2)(4,4)(69,69) 691
(1,1)(8,9)(69,69) 736
(2,2)(3,3)(67,70) 596
(5,5)(5,6)(70,70) 603
(7,8)(6,6)(70,70) 646
(5,5)(2,4)(70,70) 1001
(3,3)(3,4)(70,70) 1066
(5,7)(8,8)(71,71) 651
(6,6)(2,4)(71,71) 657
(6,7)(9,9)(71,71) 715
(0,1)(8,8)(71,71) 747
(4,7)(2,2)(71,71) 1420
(6,6)(6,7)(72,72) 652
(2,2)(0,2)(72,72) 654
(4,4)(2,2)(71,73) 645
(7,8)(3,3)(73,73) 664
(6,7)(5,5)(73,73) 666
(4,7)(6,6)(73,73) 689
(6,8)(2,2)(73,73) 707
(5,7)(3,3)(73,73) 737
(0,0)(9,9)(71,73) 889
(2,3)(6,6)(74,74) 650
(6,7)(0,0)(74,74) 672
(1,1)(1,3)(74,74) 685
(4,5)(1,1)(74,74) 722
(8,8)(2,3)(74,74) 732
(8,9)(7,7)(74,74) 733
(0,0)(1,3)(74,74) 748
(3,5)(5,5)(74,74) 1157
(0,2)(3,3)(74,74) 1297
(7,7)(3,5)(74,74) 1414
(5,7)(0,0)(75,75) 749
(0,0)(6,7)(75,75) 1470
(5,5)(2,4)(76,76) 718
(4,4)(8,8)(74,76) 730
(5,7)(1,1)(76,76) 740
(6,8)(8,8)(76,76) 776
(5,6)(9,9)(76,76) 794
(9,9)(3,5)(76,76) 853
(5,7)(3,3)(76,76) 1343
(3,5)(5,5)(77,77) 697
(4,5)(0,0)(77,77) 772
(1,2)(3,3)(78,78) 699
(5,5)(7,7)(75,78) 762
(1,4)(7,7)(79,79) 694
(3,3)(1,4)(79,79) 698
(2,2)(1,4)(79,79) 720
(8,9)(2,2)(79,79) 787
(7,9)(1,1)(79,79) 823
(1,1)(4,5)(79,79) 875
(6,9)(4,4)(79,79) 1458
(2,5)(1,1)(80,80) 754
(3,5)(0,0)(80,80) 798
(8,8)(2,5)(80,80) 833
(1,1)(2,4)(82,82) 751
(4,4)(1,2)(82,82) 806
(3,3)(3,6)(82,82) 983
(3,5)(7,7)(82,82) 1096
(0,0)(5,5)(81,83) 727
(9,9)(0,2)(83,83) 1486
(7,7)(3,5)(84,84) 757
(4,6)(9,9)(84,84) 902
(4,4)(5,7)(84,84) 1255
(6,6)(4,6)(85,85) 738
(4,6)(7,7)(85,85) 795
(2,2)(7,7)(84,85) 839
(6,6)(3,6)(85,85) 859
(5,8)(7,7)(85,85) 1291
(7,7)(2,5)(86,86) 780
(5,6)(7,7)(86,86) 805
(1,3)(8,8)(86,86) 1258
(5,5)(5,8)(86,86) 1435
(7,8)(9,9)(87,87) 783
(3,3)(4,7)(87,87) 804
(0,0)(3,6)(87,87) 832
(8,8)(3,4)(87,87) 838
(8,8)(2,4)(87,87) 870
(6,6)(6,9)(87,87) 984
(4,4)(4,6)(87,87) 1237
(0,0)(2,4)(87,87) 1483
(6,6)(2,4)(88,88) 829
(0,0)(4,7)(88,88) 847
(2,4)(8,8)(88,88) 1146
(6,6)(3,6)(88,88) 1489
(8,9)(6,6)(89,89) 807
(6,8)(5,5)(89,89) 837
(0,2)(5,5)(89,89) 848
(9,9)(2,5)(89,89) 1167
(9,9)(5,7)(89,89) 1395
(2,2)(3,5)(90,90) 851
(5,8)(1,1)(90,90) 865
(5,5)(3,5)(90,90) 961
(5,6)(2,2)(90,90) 965
(5,5)(0,2)(90,90) 1179
(1,1)(2,5)(90,90) 1440
(6,6)(4,5)(91,91) 911
(4,4)(0,4)(91,91) 1000
(8,9)(3,3)(92,92) 864
(0,0)(0,1)(92,92) 896
(4,4)(5,7)(92,92) 1480
(4,5)(5,5)(93,93) 878
(0,0)(4,6)(93,93) 895
(6,8)(1,1)(93,93) 918
(2,2)(1,4)(93,93) 921
(3,3)(4,4)(92,93) 986
(5,8)(0,0)(93,93) 1141
(9,9)(0,0)(92,94) 874
(5,5)(6,8)(94,94) 890
(4,4)(5,8)(94,94) 898
(7,7)(2,4)(94,94) 905
(8,8)(6,8)(95,95) 885
(9,9)(3,4)(95,95) 907
(6,6)(0,0)(93,95) 1046
(0,2)(3,3)(95,95) 1159
(4,6)(7,7)(95,95) 1176
(1,1)(0,1)(96,96) 936
(3,6)(3,3)(96,96) 982
(4,5)(3,3)(96,96) 1223
(2,2)(4,4)(96,96) 1274
(7,7)(7,7)(96,96) 1350
(9,9)(5,8)(97,97) 899
(7,7)(0,2)(98,98) 985
(1,3)(1,1)(98,98) 992
(6,6)(5,6)(98,98) 1309
(1,1)(6,7)(99,99) 927
(4,7)(7,7)(99,99) 945
(2,2)(4,6)(100,100) 960
(6,6)(1,1)(98,100) 1017
(6,8)(3,3)(100,100) 1022
(6,8)(4,4)(101,101) 966
(2,4)(9,9)(101,101) 972
(0,1)(6,6)(101,101) 979
(4,5)(8,8)(101,101) 1008
(2,4)(0,0)(101,101) 1010
(8,8)(8,9)(101,101) 1011
(1,4)(1,1)(101,101) 1019
(5,5)(0,2)(101,101) 1023
(7,7)(9,9)(99,101) 1063
(1,1)(0,2)(101,101) 1081
(0,2)(4,4)(101,101) 1088
(4,5)(7,7)(101,101) 1327
(1,2)(1,1)(102,102) 1115
(4,4)(4,4)(100,102) 1197
(8,8)(4,6)(103,103) 994
(7,7)(6,8)(103,103) 996
(0,2)(7,7)(103,103) 1005
(0,2)(6,6)(103,103) 1009
(5,7)(2,2)(103,103) 1041
(7,9)(8,8)(104,104) 1012
(2,2)(6,9)(104,104) 1043
(4,6)(6,6)(105,105) 1006
(3,5)(9,9)(105,105) 1078
(0,2)(8,8)(106,106) 1105
(0,0)(4,5)(106,106) 1121
(3,3)(1,3)(107,107) 1048
(0,2)(3,3)(107,107) 1060
(6,6)(1,1)(104,107) 1097
(9,9)(4,7)(107,107) 1107
(1,1)(6,6)(106,107) 1118
(0,0)(1,2)(107,107) 1158
(5,6)(8,8)(107,107) 1330
(0,3)(1,1)(107,107) 1353
(3,5)(6,6)(108,108) 1030
(8,8)(4,6)(108,108) 1095
(9,9)(8,8)(107,108) 1270
(8,8)(1,3)(108,108) 1337
(3,3)(0,0)(109,109) 1055
(7,7)(3,6)(109,109) 1109
(5,5)(4,7)(109,109) 1355
(4,4)(3,5)(110,110) 1084
(6,6)(4,6)(110,110) 1089
(1,1)(0,0)(108,110) 1117
(0,0)(1,1)(108,110) 1184
(6,6)(3,5)(110,110) 1185
(5,9)(9,9)(110,110) 1294
(6,6)(3,6)(111,111) 1101
(1,3)(3,3)(111,111) 1112
(3,4)(1,1)(111,111) 1131
(1,3)(9,9)(111,111) 1180
(4,4)(4,6)(112,112) 1134
(0,0)(3,5)(112,112) 1190
(1,1)(7,8)(112,112) 1204
(5,5)(0,2)(112,112) 1441
(2,4)(6,6)(113,113) 1155
(0,0)(0,0)(111,113) 1171
(3,3)(1,2)(114,114) 1149
(0,2)(7,7)(114,114) 1354
(0,0)(3,4)(114,114) 1426
(2,4)(4,4)(115,115) 1183
(0,3)(2,2)(115,115) 1228
(1,1)(5,5)(113,115) 1249
(6,7)(0,0)(115,115) 1302
(0,1)(9,9)(115,115) 1392
(0,1)(0,0)(116,116) 1247
(0,0)(0,2)(116,116) 1264
(1,1)(2,5)(116,116) 1418
(6,6)(7,8)(117,117) 1125
(4,4)(7,9)(117,117) 1144
(6,6)(1,1)(115,117) 1178
(2,4)(0,0)(117,117) 1245
(7,7)(7,9)(118,118) 1132
(4,6)(8,8)(118,118) 1172
(0,1)(0,0)(118,118) 1451
(5,7)(7,7)(118,118) 1478
(2,3)(6,6)(119,119) 1194
(6,6)(7,9)(119,119) 1213
(2,2)(5,7)(119,119) 1224
(3,5)(7,7)(120,120) 1231
(2,3)(9,9)(120,120) 1374
(7,9)(2,2)(121,121) 1437
(5,5)(5,5)(121,123) 1222
(1,1)(5,7)(123,123) 1253
(5,5)(7,8)(123,123) 1259
(9,9)(5,6)(123,123) 1263
(6,9)(9,9)(123,123) 1457
(1,1)(5,8)(123,123) 1487
(4,6)(4,4)(124,124) 1188
(3,3)(7,8)(124,124) 1261
(4,4)(5,9)(124,124) 1266
(1,1)(7,9)(124,124) 1307
(0,0)(3,5)(124,124) 1321
(5,5)(9,9)(122,124) 1361
(7,7)(3,5)(125,125) 1174
(7,7)(3,5)(125,125) 1177
(7,8)(8,8)(125,125) 1389
(8,9)(7,7)(126,126) 1371
(7,7)(6,7)(126,126) 1397
(9,9)(2,5)(127,127) 1334
(7,7)(3,3)(127,128) 1280
(7,7)(5,5)(127,129) 1219
(6,7)(1,1)(129,129) 1269
(4,6)(5,5)(129,129) 1303
(0,2)(8,8)(130,130) 1421
(5,6)(4,4)(131,131) 1292
(4,4)(3,3)(129,131) 1379
(8,8)(2,2)(132,132) 1306
(8,8)(7,7)(131,132) 1316
(6,9)(1,1)(132,132) 1384
(2,2)(3,3)(131,132) 1492
(0,2)(6,6)(133,133) 1305
(0,1)(5,5)(133,133) 1341
(7,8)(0,0)(133,133) 1367
(1,3)(1,1)(133,133) 1402
(7,8)(3,3)(134,134) 1459
(7,9)(2,2)(134,134) 1474
(1,1)(7,9)(135,135) 1363
(7,9)(6,6)(135,135) 1366
(5,5)(5,6)(136,136) 1328
(0,2)(2,2)(136,136) 1333
(4,4)(5,7)(136,136) 1370
(4,4)(2,4)(136,136) 1419
(2,4)(1,1)(136,136) 1434
(3,3)(6,7)(137,137) 1399
(8,8)(0,3)(137,137) 1468
(5,5)(2,3)(138,138) 1369
(2,2)(2,4)(138,138) 1388
(6,9)(5,5)(139,139) 1352
(6,7)(4,4)(139,139) 1383
(5,8)(7,7)(139,139) 1401
(1,3)(3,3)(139,139) 1411
(0,0)(2,4)(139,139) 1416
(1,1)(0,2)(139,139) 1490
(6,6)(2,3)(140,140) 1378
(5,5)(4,6)(140,140) 1424
(5,5)(1,1)(137,140) 1436
(4,4)(3,6)(140,140) 1443
(1,1)(4,5)(140,140) 1445
(2,2)(1,2)(140,140) 1447
(3,3)(3,5)(141,141) 1429
(7,7)(4,7)(141,141) 1446
(9,9)(6,9)(141,141) 1463
(0,0)(6,9)(141,141) 1473
(5,5)(0,0)(140,142) 1438
(1,1)(6,6)(140,142) 1460
(0,0)(4,5)(142,142) 1488
(5,5)(6,6)(142,144) 1482
(8,8)(5,8)(145,145) 1455
(6,6)(7,8)(145,145) 1467
(4,7)(8,8)(145,145) 1469
(7,9)(4,4)(145,145) 1491
(7,9)(3,3)(145,145) 1495
(4,4)(2,3)(146,146) 1485
(6,8)(8,8)(147,147) 1472
683
