Step 1 dic created:  1430
1
1
1
1
1
1
2
2
2
2
2
2
2
3
3
3
3
3
3
3
3
3
4
4
4
4
4
4
5
5
5
5
5
5
6
6
6
6
7
7
7
7
7
7
7
7
8
8
8
8
8
8
8
8
9
9
9
9
9
10
10
10
10
10
10
10
11
11
11
11
12
12
12
12
12
12
13
13
13
14
14
14
15
15
15
15
16
16
17
17
17
17
17
17
18
18
18
19
19
20
20
20
20
20
21
21
21
22
22
22
22
23
23
23
23
23
23
23
24
24
24
24
24
24
25
25
25
25
25
25
25
25
25
26
26
26
26
27
27
27
27
27
28
28
28
28
28
29
29
29
29
29
30
30
31
31
31
31
31
31
32
32
32
32
33
33
33
34
34
35
35
36
36
36
36
37
37
37
38
38
38
38
38
39
39
39
40
40
40
40
40
40
41
41
41
41
41
41
41
41
41
42
42
42
42
42
43
43
43
43
43
43
43
44
44
44
44
45
45
45
45
45
45
45
46
46
46
46
46
46
47
47
47
47
47
47
47
48
48
48
49
49
49
50
50
50
50
50
50
50
51
52
52
52
52
52
53
53
53
53
53
54
54
54
55
55
55
55
56
56
56
56
56
57
57
57
57
57
58
58
58
58
58
59
59
59
59
59
59
60
60
60
60
61
61
61
61
61
61
61
61
62
62
62
62
62
62
62
63
63
63
63
64
64
64
65
65
65
65
65
65
65
66
66
66
67
67
67
67
67
67
67
68
68
68
68
69
69
69
70
70
70
71
71
71
71
71
71
72
72
72
72
72
72
73
73
73
73
73
74
74
74
74
74
75
75
75
75
75
75
75
76
76
77
77
77
78
78
78
78
78
78
79
79
79
80
80
80
80
81
81
81
81
82
82
82
82
82
82
83
83
83
83
84
84
84
85
85
85
85
86
86
87
87
87
87
87
88
88
88
89
89
90
90
90
91
92
92
93
93
93
93
93
94
94
95
95
95
95
95
96
96
96
96
97
97
97
98
98
98
98
99
99
99
99
100
100
100
102
102
102
102
102
102
102
103
103
103
104
104
104
105
105
105
105
105
106
106
106
106
108
108
108
108
109
109
109
109
109
110
110
110
111
111
111
111
111
111
112
112
113
113
113
113
114
114
114
114
116
116
116
116
117
117
117
118
119
119
119
120
120
120
120
121
122
122
122
122
123
123
123
123
123
123
124
124
124
124
124
124
124
125
125
125
126
126
126
126
126
127
127
127
128
128
128
128
129
129
129
129
129
129
129
130
130
130
131
132
132
132
132
132
132
132
132
132
133
133
133
133
134
134
134
134
134
135
135
135
135
135
136
136
136
136
136
136
137
137
137
137
137
137
138
138
138
138
138
138
138
138
138
139
139
139
139
140
140
140
140
140
140
140
140
141
141
142
142
142
142
142
142
142
143
143
143
143
144
144
144
144
144
144
144
145
145
145
145
145
145
145
145
145
145
146
146
146
146
146
147
147
147
147
148
148
148
148
148
148
148
148
148
148
149
149
149
149
149
150
150
150
150
150
151
151
151
151
151
151
151
151
152
152
152
152
152
153
153
153
153
154
154
154
154
154
154
155
155
155
155
155
156
156
156
156
156
157
157
157
157
157
158
158
158
158
158
158
159
159
159
159
159
160
160
160
160
160
161
161
161
161
161
161
161
162
162
163
163
164
164
164
164
165
165
165
165
165
165
166
166
166
167
167
167
167
168
168
168
168
168
168
169
169
170
170
170
170
170
171
171
171
171
171
171
172
172
172
172
172
173
173
173
173
173
173
174
174
174
174
174
175
175
175
175
175
175
175
175
176
176
176
176
176
176
176
177
177
177
177
177
177
178
178
178
178
179
179
179
179
179
179
180
180
180
180
180
180
180
181
181
181
181
182
182
182
182
182
183
183
183
183
183
183
183
184
184
184
185
185
185
185
185
186
186
186
186
186
186
186
186
187
187
188
188
188
188
188
189
189
189
189
190
190
190
190
190
191
191
191
191
192
192
192
192
192
192
192
193
193
193
193
194
194
194
194
194
194
194
194
194
195
195
195
195
195
196
196
196
196
196
196
196
196
196
196
197
197
197
197
198
198
198
198
198
199
199
199
199
199
199
200
201
201
201
201
201
202
202
202
202
202
203
203
204
204
204
205
205
206
206
206
206
206
207
207
207
208
208
208
208
208
209
209
209
210
210
210
210
211
211
211
211
211
211
212
212
212
212
212
212
213
213
213
213
213
214
214
214
214
215
215
215
215
216
216
216
216
216
216
217
217
217
218
218
218
219
219
219
219
219
219
219
220
220
221
221
221
221
221
221
222
222
223
223
223
223
223
224
224
225
225
225
225
225
226
226
226
226
227
227
228
228
228
228
228
229
230
230
230
230
231
231
231
231
232
232
232
233
233
233
234
234
234
234
234
235
235
235
235
235
235
236
237
237
237
237
238
238
238
239
239
239
239
240
240
240
241
241
241
242
243
243
243
243
243
244
244
244
244
246
246
246
246
246
246
247
247
247
247
248
248
248
248
248
249
249
249
250
250
250
250
250
251
251
252
252
253
253
253
254
254
254
255
255
256
256
257
257
257
257
257
258
258
258
258
259
259
259
259
260
260
260
261
261
261
261
261
261
261
261
262
262
263
263
263
263
263
263
264
264
264
264
264
264
264
264
265
265
265
265
265
265
266
266
266
266
267
267
267
267
267
268
268
268
268
268
269
269
269
270
270
270
270
270
270
270
271
271
271
272
272
272
273
273
273
273
274
274
274
274
275
275
275
276
276
276
276
276
277
277
277
278
278
278
279
279
279
280
280
280
280
280
281
281
281
281
282
282
282
282
282
282
283
283
283
283
283
283
283
283
284
284
284
284
284
284
284
285
285
285
285
285
286
286
286
286
286
286
287
287
287
287
287
287
288
288
288
289
289
289
289
290
290
290
290
290
291
291
291
291
291
292
292
292
292
292
293
293
293
293
293
293
294
294
294
294
295
295
295
295
295
296
296
296
296
296
296
296
297
297
297
297
297
298
298
298
298
298
298
299
299
299
299
299
299
300
301
301
301
301
301
301
302
302
302
302
302
302
302
302
302
303
303
303
303
303
303
303
303
304
304
304
304
305
305
305
305
305
306
306
306
307
307
307
309
309
309
310
310
311
311
311
312
312
312
313
314
314
314
314
314
316
316
316
317
317
317
317
317
318
318
318
319
319
319
320
320
321
321
322
324
Step 2 bricks setteld: 1430
Step 3 graph created:  DiGraph with 1425 nodes and 1525 edges
Step 4 connections processed:  1430
Step 5 result:  482
{'0,6,296~2,6,296': [(0, 6, 160), (1, 6, 160), (2, 6, 160)], '0,3,10~1,3,10': [(0, 3, 6), (1, 3, 6)], '6,9,288~8,9,288': [(6, 9, 154), (7, 9, 154), (8, 9, 154)], '1,2,302~3,2,302': [(1, 2, 165), (2, 2, 165), (3, 2, 165)], '6,0,71~6,2,71': [(6, 0, 42), (6, 1, 42), (6, 2, 42)], '8,8,31~8,8,33': [(8, 8, 15), (8, 8, 16), (8, 8, 17)], '7,4,53~7,4,54': [(7, 4, 32), (7, 4, 33)], '6,7,223~8,7,223': [(6, 7, 119), (7, 7, 119), (8, 7, 119)], '5,2,15~7,2,15': [(5, 2, 6), (6, 2, 6), (7, 2, 6)], '4,5,4~4,7,4': [(4, 5, 3), (4, 6, 3), (4, 7, 3)], '6,0,238~7,0,238': [(6, 0, 129), (7, 0, 129)], '0,2,176~0,4,176': [(0, 2, 96), (0, 3, 96), (0, 4, 96)], '4,3,253~4,3,255': [(4, 3, 135), (4, 3, 136), (4, 3, 137)], '0,5,82~0,7,82': [(0, 5, 45), (0, 6, 45), (0, 7, 45)], '6,0,5~6,3,5': [(6, 0, 2), (6, 1, 2), (6, 2, 2), (6, 3, 2)], '1,3,48~1,5,48': [(1, 3, 25), (1, 4, 25), (1, 5, 25)], '1,2,293~2,2,293': [(1, 2, 160), (2, 2, 160)], '1,8,201~3,8,201': [(1, 8, 107), (2, 8, 107), (3, 8, 107)], '5,2,37~8,2,37': [(5, 2, 18), (6, 2, 18), (7, 2, 18), (8, 2, 18)], '2,6,204~2,8,204': [(2, 6, 108), (2, 7, 108), (2, 8, 108)], '9,0,65~9,1,65': [(9, 0, 40), (9, 1, 40)], '0,6,75~0,8,75': [(0, 6, 41), (0, 7, 41), (0, 8, 41)], '6,3,191~6,4,191': [(6, 3, 103), (6, 4, 103)], '0,3,102~0,5,102': [(0, 3, 57), (0, 4, 57), (0, 5, 57)], '4,2,23~4,5,23': [(4, 2, 14), (4, 3, 14), (4, 4, 14), (4, 5, 14)], '2,5,250~2,7,250': [(2, 5, 131), (2, 6, 131), (2, 7, 131)], '4,9,134~4,9,136': [(4, 9, 74), (4, 9, 75), (4, 9, 76)], '2,5,244~2,7,244': [(2, 5, 128), (2, 6, 128), (2, 7, 128)], '1,4,73~3,4,73': [(1, 4, 38), (2, 4, 38), (3, 4, 38)], '9,7,192~9,7,194': [(9, 7, 105), (9, 7, 106), (9, 7, 107)], '2,5,276~5,5,276': [(2, 5, 149), (3, 5, 149), (4, 5, 149), (5, 5, 149)], '3,0,11~5,0,11': [(3, 0, 4), (4, 0, 4), (5, 0, 4)], '1,4,122~1,8,122': [(1, 4, 67), (1, 5, 67), (1, 6, 67), (1, 7, 67), (1, 8, 67)], '7,2,83~9,2,83': [(7, 2, 47), (8, 2, 47), (9, 2, 47)], '5,7,179~5,8,179': [(5, 7, 99), (5, 8, 99)], '2,1,2~2,2,2': [(2, 1, 1), (2, 2, 1)], '2,0,109~4,0,109': [(2, 0, 61), (3, 0, 61), (4, 0, 61)], '0,2,174~0,4,174': [(0, 2, 94), (0, 3, 94), (0, 4, 94)], '2,8,217~2,8,219': [(2, 8, 114), (2, 8, 115), (2, 8, 116)], '5,4,52~7,4,52': [(5, 4, 31), (6, 4, 31), (7, 4, 31)], '4,5,196~4,5,198': [(4, 5, 105), (4, 5, 106), (4, 5, 107)], '1,2,297~1,4,297': [(1, 2, 161), (1, 3, 161), (1, 4, 161)], '5,7,256~7,7,256': [(5, 7, 135), (6, 7, 135), (7, 7, 135)], '2,0,13~2,2,13': [(2, 0, 8), (2, 1, 8), (2, 2, 8)], '0,7,289~0,8,289': [(0, 7, 159), (0, 8, 159)], '1,6,154~1,6,156': [(1, 6, 80), (1, 6, 81), (1, 6, 82)], '2,0,146~4,0,146': [(2, 0, 77), (3, 0, 77), (4, 0, 77)], '8,3,37~9,3,37': [(8, 3, 18), (9, 3, 18)], '4,9,148~6,9,148': [(4, 9, 82), (5, 9, 82), (6, 9, 82)], '2,3,266~2,5,266': [(2, 3, 143), (2, 4, 143), (2, 5, 143)], '9,2,46~9,5,46': [(9, 2, 26), (9, 3, 26), (9, 4, 26), (9, 5, 26)], '3,6,319~3,8,319': [(3, 6, 175), (3, 7, 175), (3, 8, 175)], '0,1,154~0,4,154': [(0, 1, 85), (0, 2, 85), (0, 3, 85), (0, 4, 85)], '4,4,10~6,4,10': [(4, 4, 5), (5, 4, 5), (6, 4, 5)], '5,3,105~8,3,105': [(5, 3, 59), (6, 3, 59), (7, 3, 59), (8, 3, 59)], '4,7,164~5,7,164': [(4, 7, 89), (5, 7, 89)], '0,1,31~0,4,31': [(0, 1, 17), (0, 2, 17), (0, 3, 17), (0, 4, 17)], '5,9,5~6,9,5': [(5, 9, 3), (6, 9, 3)], '8,8,2~8,8,4': [(8, 8, 1), (8, 8, 2), (8, 8, 3)], '4,2,177~4,3,177': [(4, 2, 98), (4, 3, 98)], '2,8,193~2,9,193': [(2, 8, 103), (2, 9, 103)], '5,7,157~8,7,157': [(5, 7, 86), (6, 7, 86), (7, 7, 86), (8, 7, 86)], '6,1,125~6,1,127': [(6, 1, 68), (6, 1, 69), (6, 1, 70)], '1,1,5~3,1,5': [(1, 1, 2), (2, 1, 2), (3, 1, 2)], '1,6,181~1,7,181': [(1, 6, 97), (1, 7, 97)], '8,2,36~8,3,36': [(8, 2, 17), (8, 3, 17)], '7,4,12~7,7,12': [(7, 4, 5), (7, 5, 5), (7, 6, 5), (7, 7, 5)], '7,6,185~7,8,185': [(7, 6, 102), (7, 7, 102), (7, 8, 102)], '2,4,212~2,6,212': [(2, 4, 112), (2, 5, 112), (2, 6, 112)], '8,8,128~8,9,128': [(8, 8, 71), (8, 9, 71)], '0,9,285~3,9,285': [(0, 9, 156), (1, 9, 156), (2, 9, 156), (3, 9, 156)], '8,5,124~8,7,124': [(8, 5, 69), (8, 6, 69), (8, 7, 69)], '6,6,181~6,8,181': [(6, 6, 100), (6, 7, 100), (6, 8, 100)], '6,1,54~6,4,54': [(6, 1, 32), (6, 2, 32), (6, 3, 32), (6, 4, 32)], '7,2,11~7,4,11': [(7, 2, 4), (7, 3, 4), (7, 4, 4)], '3,8,203~6,8,203': [(3, 8, 108), (4, 8, 108), (5, 8, 108), (6, 8, 108)], '7,6,138~7,6,141': [(7, 6, 74), (7, 6, 75), (7, 6, 76), (7, 6, 77)], '7,0,4~9,0,4': [(7, 0, 2), (8, 0, 2), (9, 0, 2)], '5,2,264~7,2,264': [(5, 2, 139), (6, 2, 139), (7, 2, 139)], '5,9,112~6,9,112': [(5, 9, 63), (6, 9, 63)], '0,5,185~2,5,185': [(0, 5, 98), (1, 5, 98), (2, 5, 98)], '0,9,237~3,9,237': [(0, 9, 128), (1, 9, 128), (2, 9, 128), (3, 9, 128)], '0,5,45~0,8,45': [(0, 5, 24), (0, 6, 24), (0, 7, 24), (0, 8, 24)], '0,9,80~0,9,82': [(0, 9, 44), (0, 9, 45), (0, 9, 46)], '5,2,170~8,2,170': [(5, 2, 95), (6, 2, 95), (7, 2, 95), (8, 2, 95)], '0,2,136~0,4,136': [(0, 2, 72), (0, 3, 72), (0, 4, 72)], '2,1,194~2,4,194': [(2, 1, 104), (2, 2, 104), (2, 3, 104), (2, 4, 104)], '0,7,264~0,7,266': [(0, 7, 138), (0, 7, 139), (0, 7, 140)], '9,5,122~9,8,122': [(9, 5, 68), (9, 6, 68), (9, 7, 68), (9, 8, 68)], '1,4,32~2,4,32': [(1, 4, 15), (2, 4, 15)], '3,5,155~6,5,155': [(3, 5, 85), (4, 5, 85), (5, 5, 85), (6, 5, 85)], '0,1,12~2,1,12': [(0, 1, 7), (1, 1, 7), (2, 1, 7)], '3,6,312~3,8,312': [(3, 6, 171), (3, 7, 171), (3, 8, 171)], '6,3,98~6,3,98': [(6, 3, 56)], '7,2,317~9,2,317': [(7, 2, 170), (8, 2, 170), (9, 2, 170)], '1,7,301~1,9,301': [(1, 7, 164), (1, 8, 164), (1, 9, 164)], '8,2,241~9,2,241': [(8, 2, 130), (9, 2, 130)], '6,3,22~6,6,22': [(6, 3, 11), (6, 4, 11), (6, 5, 11), (6, 6, 11)], '6,6,40~6,8,40': [(6, 6, 20), (6, 7, 20), (6, 8, 20)], '2,8,191~4,8,191': [(2, 8, 102), (3, 8, 102), (4, 8, 102)], '2,9,191~4,9,191': [(2, 9, 102), (3, 9, 102), (4, 9, 102)], '3,1,270~3,2,270': [(3, 1, 146), (3, 2, 146)], '0,2,65~0,4,65': [(0, 2, 35), (0, 3, 35), (0, 4, 35)], '2,2,225~4,2,225': [(2, 2, 118), (3, 2, 118), (4, 2, 118)], '7,1,263~9,1,263': [(7, 1, 139), (8, 1, 139), (9, 1, 139)], '0,5,18~0,5,20': [(0, 5, 8), (0, 5, 9), (0, 5, 10)], '4,6,246~4,9,246': [(4, 6, 129), (4, 7, 129), (4, 8, 129), (4, 9, 129)], '7,3,216~9,3,216': [(7, 3, 116), (8, 3, 116), (9, 3, 116)], '6,9,167~7,9,167': [(6, 9, 91), (7, 9, 91)], '4,8,211~7,8,211': [(4, 8, 112), (5, 8, 112), (6, 8, 112), (7, 8, 112)], '1,3,265~1,5,265': [(1, 3, 143), (1, 4, 143), (1, 5, 143)], '9,7,150~9,9,150': [(9, 7, 83), (9, 8, 83), (9, 9, 83)], '2,0,48~2,2,48': [(2, 0, 23), (2, 1, 23), (2, 2, 23)], '2,3,90~4,3,90': [(2, 3, 51), (3, 3, 51), (4, 3, 51)], '4,3,213~7,3,213': [(4, 3, 114), (5, 3, 114), (6, 3, 114), (7, 3, 114)], '6,6,105~6,9,105': [(6, 6, 59), (6, 7, 59), (6, 8, 59), (6, 9, 59)], '2,2,25~3,2,25': [(2, 2, 14), (3, 2, 14)], '7,1,154~9,1,154': [(7, 1, 85), (8, 1, 85), (9, 1, 85)], '7,4,314~7,5,314': [(7, 4, 169), (7, 5, 169)], '4,4,60~4,4,62': [(4, 4, 34), (4, 4, 35), (4, 4, 36)], '0,1,71~2,1,71': [(0, 1, 38), (1, 1, 38), (2, 1, 38)], '6,0,156~8,0,156': [(6, 0, 85), (7, 0, 85), (8, 0, 85)], '7,1,130~7,2,130': [(7, 1, 70), (7, 2, 70)], '1,0,79~1,3,79': [(1, 0, 42), (1, 1, 42), (1, 2, 42), (1, 3, 42)], '8,0,151~8,0,153': [(8, 0, 82), (8, 0, 83), (8, 0, 84)], '6,1,223~6,4,223': [(6, 1, 121), (6, 2, 121), (6, 3, 121), (6, 4, 121)], '6,4,98~6,5,98': [(6, 4, 56), (6, 5, 56)], '3,1,283~3,4,283': [(3, 1, 154), (3, 2, 154), (3, 3, 154), (3, 4, 154)], '4,2,161~4,4,161': [(4, 2, 89), (4, 3, 89), (4, 4, 89)], '7,5,155~7,7,155': [(7, 5, 85), (7, 6, 85), (7, 7, 85)], '6,6,171~6,7,171': [(6, 6, 95), (6, 7, 95)], '6,6,34~9,6,34': [(6, 6, 17), (7, 6, 17), (8, 6, 17), (9, 6, 17)], '0,4,23~2,4,23': [(0, 4, 10), (1, 4, 10), (2, 4, 10)], '3,1,221~5,1,221': [(3, 1, 118), (4, 1, 118), (5, 1, 118)], '6,3,299~8,3,299': [(6, 3, 162), (7, 3, 162), (8, 3, 162)], '1,2,57~2,2,57': [(1, 2, 30), (2, 2, 30)], '4,6,225~4,8,225': [(4, 6, 120), (4, 7, 120), (4, 8, 120)], '4,7,113~7,7,113': [(4, 7, 63), (5, 7, 63), (6, 7, 63), (7, 7, 63)], '2,2,62~2,5,62': [(2, 2, 33), (2, 3, 33), (2, 4, 33), (2, 5, 33)], '9,2,148~9,4,148': [(9, 2, 82), (9, 3, 82), (9, 4, 82)], '7,3,266~8,3,266': [(7, 3, 142), (8, 3, 142)], '7,4,14~9,4,14': [(7, 4, 7), (8, 4, 7), (9, 4, 7)], '9,1,304~9,3,304': [(9, 1, 163), (9, 2, 163), (9, 3, 163)], '5,6,240~5,8,240': [(5, 6, 127), (5, 7, 127), (5, 8, 127)], '1,6,226~2,6,226': [(1, 6, 121), (2, 6, 121)], '7,3,130~7,5,130': [(7, 3, 69), (7, 4, 69), (7, 5, 69)], '0,3,281~3,3,281': [(0, 3, 153), (1, 3, 153), (2, 3, 153), (3, 3, 153)], '9,1,25~9,4,25': [(9, 1, 13), (9, 2, 13), (9, 3, 13), (9, 4, 13)], '5,2,55~5,4,55': [(5, 2, 32), (5, 3, 32), (5, 4, 32)], '3,5,35~3,7,35': [(3, 5, 18), (3, 6, 18), (3, 7, 18)], '6,2,96~6,4,96': [(6, 2, 55), (6, 3, 55), (6, 4, 55)], '8,5,3~8,5,3': [(8, 5, 2)], '1,0,112~1,1,112': [(1, 0, 63), (1, 1, 63)], '3,8,316~3,8,316': [(3, 8, 173)], '2,8,43~3,8,43': [(2, 8, 22), (3, 8, 22)], '7,2,189~7,3,189': [(7, 2, 102), (7, 3, 102)], '8,5,116~8,7,116': [(8, 5, 64), (8, 6, 64), (8, 7, 64)], '1,3,124~1,6,124': [(1, 3, 68), (1, 4, 68), (1, 5, 68), (1, 6, 68)], '7,8,188~9,8,188': [(7, 8, 103), (8, 8, 103), (9, 8, 103)], '3,6,303~3,9,303': [(3, 6, 168), (3, 7, 168), (3, 8, 168), (3, 9, 168)], '5,7,275~7,7,275': [(5, 7, 146), (6, 7, 146), (7, 7, 146)], '8,6,7~9,6,7': [(8, 6, 5), (9, 6, 5)], '9,3,39~9,5,39': [(9, 3, 20), (9, 4, 20), (9, 5, 20)], '6,6,3~8,6,3': [(6, 6, 1), (7, 6, 1), (8, 6, 1)], '5,6,303~5,9,303': [(5, 6, 168), (5, 7, 168), (5, 8, 168), (5, 9, 168)], '3,5,124~3,6,124': [(3, 5, 69), (3, 6, 69)], '2,3,72~4,3,72': [(2, 3, 38), (3, 3, 38), (4, 3, 38)], '3,7,175~3,9,175': [(3, 7, 94), (3, 8, 94), (3, 9, 94)], '3,8,196~4,8,196': [(3, 8, 104), (4, 8, 104)], '0,8,72~2,8,72': [(0, 8, 39), (1, 8, 39), (2, 8, 39)], '7,1,161~7,3,161': [(7, 1, 88), (7, 2, 88), (7, 3, 88)], '9,0,153~9,2,153': [(9, 0, 84), (9, 1, 84), (9, 2, 84)], '4,3,241~4,6,241': [(4, 3, 128), (4, 4, 128), (4, 5, 128), (4, 6, 128)], '1,1,282~1,3,282': [(1, 1, 154), (1, 2, 154), (1, 3, 154)], '6,7,320~9,7,320': [(6, 7, 176), (7, 7, 176), (8, 7, 176), (9, 7, 176)], '7,3,187~7,5,187': [(7, 3, 101), (7, 4, 101), (7, 5, 101)], '9,7,205~9,8,205': [(9, 7, 111), (9, 8, 111)], '3,0,196~5,0,196': [(3, 0, 106), (4, 0, 106), (5, 0, 106)], '6,9,290~7,9,290': [(6, 9, 155), (7, 9, 155)], '7,6,292~9,6,292': [(7, 6, 156), (8, 6, 156), (9, 6, 156)], '4,4,282~4,6,282': [(4, 4, 153), (4, 5, 153), (4, 6, 153)], '9,4,82~9,7,82': [(9, 4, 47), (9, 5, 47), (9, 6, 47), (9, 7, 47)], '6,2,219~6,3,219': [(6, 2, 119), (6, 3, 119)], '7,5,285~9,5,285': [(7, 5, 154), (8, 5, 154), (9, 5, 154)], '7,1,12~7,3,12': [(7, 1, 5), (7, 2, 5), (7, 3, 5)], '2,2,153~4,2,153': [(2, 2, 83), (3, 2, 83), (4, 2, 83)], '3,7,63~3,7,65': [(3, 7, 31), (3, 7, 32), (3, 7, 33)], '6,3,214~6,3,217': [(6, 3, 115), (6, 3, 116), (6, 3, 117), (6, 3, 118)], '6,8,206~6,8,207': [(6, 8, 109), (6, 8, 110)], '0,6,198~1,6,198': [(0, 6, 107), (1, 6, 107)], '9,1,177~9,3,177': [(9, 1, 97), (9, 2, 97), (9, 3, 97)], '8,8,270~8,8,272': [(8, 8, 141), (8, 8, 142), (8, 8, 143)], '7,3,81~9,3,81': [(7, 3, 46), (8, 3, 46), (9, 3, 46)], '2,5,240~2,8,240': [(2, 5, 125), (2, 6, 125), (2, 7, 125), (2, 8, 125)], '2,4,25~2,4,27': [(2, 4, 11), (2, 4, 12), (2, 4, 13)], '9,0,67~9,1,67': [(9, 0, 41), (9, 1, 41)], '0,5,15~3,5,15': [(0, 5, 7), (1, 5, 7), (2, 5, 7), (3, 5, 7)], '2,3,261~2,3,261': [(2, 3, 140)], '3,0,293~3,2,293': [(3, 0, 159), (3, 1, 159), (3, 2, 159)], '6,7,183~7,7,183': [(6, 7, 101), (7, 7, 101)], '1,2,9~1,2,12': [(1, 2, 3), (1, 2, 4), (1, 2, 5), (1, 2, 6)], '0,5,55~0,8,55': [(0, 5, 28), (0, 6, 28), (0, 7, 28), (0, 8, 28)], '7,0,296~7,1,296': [(7, 0, 160), (7, 1, 160)], '6,2,137~6,3,137': [(6, 2, 73), (6, 3, 73)], '9,1,58~9,4,58': [(9, 1, 36), (9, 2, 36), (9, 3, 36), (9, 4, 36)], '4,4,270~5,4,270': [(4, 4, 146), (5, 4, 146)], '0,3,246~3,3,246': [(0, 3, 130), (1, 3, 130), (2, 3, 130), (3, 3, 130)], '8,4,61~8,4,63': [(8, 4, 39), (8, 4, 40), (8, 4, 41)], '2,7,192~4,7,192': [(2, 7, 102), (3, 7, 102), (4, 7, 102)], '4,1,45~6,1,45': [(4, 1, 22), (5, 1, 22), (6, 1, 22)], '0,7,42~0,9,42': [(0, 7, 22), (0, 8, 22), (0, 9, 22)], '1,4,21~3,4,21': [(1, 4, 9), (2, 4, 9), (3, 4, 9)], '1,4,206~3,4,206': [(1, 4, 110), (2, 4, 110), (3, 4, 110)], '6,5,96~6,8,96': [(6, 5, 52), (6, 6, 52), (6, 7, 52), (6, 8, 52)], '8,2,148~8,5,148': [(8, 2, 80), (8, 3, 80), (8, 4, 80), (8, 5, 80)], '0,1,299~0,4,299': [(0, 1, 163), (0, 2, 163), (0, 3, 163), (0, 4, 163)], '6,5,99~6,7,99': [(6, 5, 57), (6, 6, 57), (6, 7, 57)], '4,5,194~4,6,194': [(4, 5, 104), (4, 6, 104)], '0,1,126~3,1,126': [(0, 1, 68), (1, 1, 68), (2, 1, 68), (3, 1, 68)], '3,7,61~3,9,61': [(3, 7, 30), (3, 8, 30), (3, 9, 30)], '7,1,278~7,4,278': [(7, 1, 150), (7, 2, 150), (7, 3, 150), (7, 4, 150)], '2,2,123~4,2,123': [(2, 2, 66), (3, 2, 66), (4, 2, 66)], '8,2,109~8,3,109': [(8, 2, 61), (8, 3, 61)], '9,0,95~9,2,95': [(9, 0, 55), (9, 1, 55), (9, 2, 55)], '7,3,258~7,5,258': [(7, 3, 137), (7, 4, 137), (7, 5, 137)], '5,3,83~5,4,83': [(5, 3, 49), (5, 4, 49)], '1,4,67~3,4,67': [(1, 4, 36), (2, 4, 36), (3, 4, 36)], '0,3,297~0,4,297': [(0, 3, 161), (0, 4, 161)], '4,5,158~4,5,161': [(4, 5, 86), (4, 5, 87), (4, 5, 88), (4, 5, 89)], '8,8,155~8,8,157': [(8, 8, 83), (8, 8, 84), (8, 8, 85)], '6,5,186~6,5,186': [(6, 5, 100)], '9,7,49~9,8,49': [(9, 7, 27), (9, 8, 27)], '5,0,168~8,0,168': [(5, 0, 92), (6, 0, 92), (7, 0, 92), (8, 0, 92)], '2,5,201~5,5,201': [(2, 5, 108), (3, 5, 108), (4, 5, 108), (5, 5, 108)], '6,6,200~8,6,200': [(6, 6, 108), (7, 6, 108), (8, 6, 108)], '0,7,136~2,7,136': [(0, 7, 74), (1, 7, 74), (2, 7, 74)], '1,3,27~1,3,30': [(1, 3, 12), (1, 3, 13), (1, 3, 14), (1, 3, 15)], '3,0,174~3,3,174': [(3, 0, 95), (3, 1, 95), (3, 2, 95), (3, 3, 95)], '1,3,260~4,3,260': [(1, 3, 139), (2, 3, 139), (3, 3, 139), (4, 3, 139)], '2,8,46~5,8,46': [(2, 8, 23), (3, 8, 23), (4, 8, 23), (5, 8, 23)], '9,4,135~9,5,135': [(9, 4, 72), (9, 5, 72)], '7,4,67~7,7,67': [(7, 4, 40), (7, 5, 40), (7, 6, 40), (7, 7, 40)], '9,4,32~9,6,32': [(9, 4, 16), (9, 5, 16), (9, 6, 16)], '0,7,286~0,9,286': [(0, 7, 157), (0, 8, 157), (0, 9, 157)], '0,2,264~0,4,264': [(0, 2, 138), (0, 3, 138), (0, 4, 138)], '6,5,140~8,5,140': [(6, 5, 76), (7, 5, 76), (8, 5, 76)], '2,0,301~2,3,301': [(2, 0, 164), (2, 1, 164), (2, 2, 164), (2, 3, 164)], '2,6,309~2,8,309': [(2, 6, 170), (2, 7, 170), (2, 8, 170)], '0,5,103~3,5,103': [(0, 5, 59), (1, 5, 59), (2, 5, 59), (3, 5, 59)], '2,3,248~2,4,248': [(2, 3, 131), (2, 4, 131)], '0,5,268~2,5,268': [(0, 5, 144), (1, 5, 144), (2, 5, 144)], '2,0,305~4,0,305': [(2, 0, 166), (3, 0, 166), (4, 0, 166)], '4,7,318~4,9,318': [(4, 7, 175), (4, 8, 175), (4, 9, 175)], '1,7,80~1,9,80': [(1, 7, 44), (1, 8, 44), (1, 9, 44)], '0,8,291~0,9,291': [(0, 8, 160), (0, 9, 160)], '2,8,317~5,8,317': [(2, 8, 174), (3, 8, 174), (4, 8, 174), (5, 8, 174)], '4,0,61~4,2,61': [(4, 0, 30), (4, 1, 30), (4, 2, 30)], '0,0,157~0,3,157': [(0, 0, 86), (0, 1, 86), (0, 2, 86), (0, 3, 86)], '5,0,297~5,2,297': [(5, 0, 160), (5, 1, 160), (5, 2, 160)], '2,3,100~4,3,100': [(2, 3, 57), (3, 3, 57), (4, 3, 57)], '0,7,142~3,7,142': [(0, 7, 76), (1, 7, 76), (2, 7, 76), (3, 7, 76)], '7,3,60~7,6,60': [(7, 3, 36), (7, 4, 36), (7, 5, 36), (7, 6, 36)], '5,4,303~7,4,303': [(5, 4, 165), (6, 4, 165), (7, 4, 165)], '9,3,299~9,6,299': [(9, 3, 161), (9, 4, 161), (9, 5, 161), (9, 6, 161)], '0,2,139~1,2,139': [(0, 2, 74), (1, 2, 74)], '3,5,95~3,7,95': [(3, 5, 53), (3, 6, 53), (3, 7, 53)], '4,4,173~5,4,173': [(4, 4, 96), (5, 4, 96)], '1,0,309~1,0,311': [(1, 0, 168), (1, 0, 169), (1, 0, 170)], '5,0,8~8,0,8': [(5, 0, 3), (6, 0, 3), (7, 0, 3), (8, 0, 3)], '5,6,160~5,8,160': [(5, 6, 87), (5, 7, 87), (5, 8, 87)], '3,5,168~5,5,168': [(3, 5, 91), (4, 5, 91), (5, 5, 91)], '6,2,44~6,4,44': [(6, 2, 24), (6, 3, 24), (6, 4, 24)], '0,0,290~3,0,290': [(0, 0, 158), (1, 0, 158), (2, 0, 158), (3, 0, 158)], '6,3,102~6,6,102': [(6, 3, 58), (6, 4, 58), (6, 5, 58), (6, 6, 58)], '7,0,78~7,3,78': [(7, 0, 45), (7, 1, 45), (7, 2, 45), (7, 3, 45)], '8,2,111~8,3,111': [(8, 2, 62), (8, 3, 62)], '1,4,207~1,7,207': [(1, 4, 112), (1, 5, 112), (1, 6, 112), (1, 7, 112)], '8,1,258~8,4,258': [(8, 1, 137), (8, 2, 137), (8, 3, 137), (8, 4, 137)], '2,1,124~2,3,124': [(2, 1, 67), (2, 2, 67), (2, 3, 67)], '4,9,8~7,9,8': [(4, 9, 4), (5, 9, 4), (6, 9, 4), (7, 9, 4)], '6,7,179~8,7,179': [(6, 7, 99), (7, 7, 99), (8, 7, 99)], '1,6,78~1,8,78': [(1, 6, 43), (1, 7, 43), (1, 8, 43)], '1,3,212~4,3,212': [(1, 3, 113), (2, 3, 113), (3, 3, 113), (4, 3, 113)], '6,7,41~8,7,41': [(6, 7, 21), (7, 7, 21), (8, 7, 21)], '0,5,186~2,5,186': [(0, 5, 99), (1, 5, 99), (2, 5, 99)], '0,9,182~2,9,182': [(0, 9, 97), (1, 9, 97), (2, 9, 97)], '1,0,289~1,3,289': [(1, 0, 157), (1, 1, 157), (1, 2, 157), (1, 3, 157)], '3,5,62~3,5,64': [(3, 5, 35), (3, 5, 36), (3, 5, 37)], '2,0,193~4,0,193': [(2, 0, 104), (3, 0, 104), (4, 0, 104)], '6,2,172~8,2,172': [(6, 2, 96), (7, 2, 96), (8, 2, 96)], '5,5,307~8,5,307': [(5, 5, 166), (6, 5, 166), (7, 5, 166), (8, 5, 166)], '3,2,94~3,4,94': [(3, 2, 53), (3, 3, 53), (3, 4, 53)], '4,3,8~6,3,8': [(4, 3, 5), (5, 3, 5), (6, 3, 5)], '0,8,146~1,8,146': [(0, 8, 78), (1, 8, 78)], '0,6,305~2,6,305': [(0, 6, 167), (1, 6, 167), (2, 6, 167)], '1,0,103~4,0,103': [(1, 0, 59), (2, 0, 59), (3, 0, 59), (4, 0, 59)], '0,7,296~3,7,296': [(0, 7, 163), (1, 7, 163), (2, 7, 163), (3, 7, 163)], '4,4,178~4,5,178': [(4, 4, 98), (4, 5, 98)], '6,1,161~6,5,161': [(6, 1, 89), (6, 2, 89), (6, 3, 89), (6, 4, 89), (6, 5, 89)], '8,2,283~8,4,283': [(8, 2, 152), (8, 3, 152), (8, 4, 152)], '5,6,210~5,6,211': [(5, 6, 112), (5, 6, 113)], '0,6,188~3,6,188': [(0, 6, 100), (1, 6, 100), (2, 6, 100), (3, 6, 100)], '2,1,55~5,1,55': [(2, 1, 28), (3, 1, 28), (4, 1, 28), (5, 1, 28)], '3,5,297~3,7,297': [(3, 5, 164), (3, 6, 164), (3, 7, 164)], '1,2,6~1,4,6': [(1, 2, 2), (1, 3, 2), (1, 4, 2)], '4,1,117~4,3,117': [(4, 1, 64), (4, 2, 64), (4, 3, 64)], '0,3,175~0,4,175': [(0, 3, 95), (0, 4, 95)], '7,1,59~9,1,59': [(7, 1, 37), (8, 1, 37), (9, 1, 37)], '7,6,295~7,6,296': [(7, 6, 158), (7, 6, 159)], '3,2,213~3,5,213': [(3, 2, 114), (3, 3, 114), (3, 4, 114), (3, 5, 114)], '5,1,119~6,1,119': [(5, 1, 66), (6, 1, 66)], '7,4,197~7,6,197': [(7, 4, 107), (7, 5, 107), (7, 6, 107)], '3,1,291~6,1,291': [(3, 1, 157), (4, 1, 157), (5, 1, 157), (6, 1, 157)], '4,7,302~6,7,302': [(4, 7, 164), (5, 7, 164), (6, 7, 164)], '6,9,63~8,9,63': [(6, 9, 31), (7, 9, 31), (8, 9, 31)], '2,6,281~2,8,281': [(2, 6, 153), (2, 7, 153), (2, 8, 153)], '6,5,25~6,5,27': [(6, 5, 12), (6, 5, 13), (6, 5, 14)], '5,1,235~5,3,235': [(5, 1, 125), (5, 2, 125), (5, 3, 125)], '1,3,126~3,3,126': [(1, 3, 69), (2, 3, 69), (3, 3, 69)], '3,6,59~3,8,59': [(3, 6, 29), (3, 7, 29), (3, 8, 29)], '5,3,237~5,6,237': [(5, 3, 126), (5, 4, 126), (5, 5, 126), (5, 6, 126)], '4,6,135~5,6,135': [(4, 6, 73), (5, 6, 73)], '3,7,216~5,7,216': [(3, 7, 114), (4, 7, 114), (5, 7, 114)], '9,4,22~9,6,22': [(9, 4, 11), (9, 5, 11), (9, 6, 11)], '2,6,69~2,7,69': [(2, 6, 37), (2, 7, 37)], '3,7,229~3,7,231': [(3, 7, 123), (3, 7, 124), (3, 7, 125)], '2,7,303~2,7,304': [(2, 7, 165), (2, 7, 166)], '4,4,116~4,6,116': [(4, 4, 65), (4, 5, 65), (4, 6, 65)], '1,4,144~1,6,144': [(1, 4, 76), (1, 5, 76), (1, 6, 76)], '1,6,52~1,8,52': [(1, 6, 26), (1, 7, 26), (1, 8, 26)], '4,4,77~5,4,77': [(4, 4, 46), (5, 4, 46)], '6,0,280~6,2,280': [(6, 0, 151), (6, 1, 151), (6, 2, 151)], '9,2,199~9,2,200': [(9, 2, 108), (9, 2, 109)], '4,1,43~4,2,43': [(4, 1, 21), (4, 2, 21)], '9,3,2~9,5,2': [(9, 3, 1), (9, 4, 1), (9, 5, 1)], '3,6,143~3,9,143': [(3, 6, 79), (3, 7, 79), (3, 8, 79), (3, 9, 79)], '2,3,148~4,3,148': [(2, 3, 81), (3, 3, 81), (4, 3, 81)], '4,2,236~8,2,236': [(4, 2, 126), (5, 2, 126), (6, 2, 126), (7, 2, 126), (8, 2, 126)], '7,0,185~7,3,185': [(7, 0, 100), (7, 1, 100), (7, 2, 100), (7, 3, 100)], '8,2,61~8,3,61': [(8, 2, 39), (8, 3, 39)], '6,3,261~6,4,261': [(6, 3, 138), (6, 4, 138)], '4,3,219~4,6,219': [(4, 3, 116), (4, 4, 116), (4, 5, 116), (4, 6, 116)], '4,3,150~4,3,152': [(4, 3, 82), (4, 3, 83), (4, 3, 84)], '9,5,202~9,7,202': [(9, 5, 110), (9, 6, 110), (9, 7, 110)], '2,0,158~2,2,158': [(2, 0, 87), (2, 1, 87), (2, 2, 87)], '5,2,62~5,2,64': [(5, 2, 37), (5, 2, 38), (5, 2, 39)], '7,2,127~7,5,127': [(7, 2, 68), (7, 3, 68), (7, 4, 68), (7, 5, 68)], '4,5,324~4,6,324': [(4, 5, 176), (4, 6, 176)], '7,3,217~7,5,217': [(7, 3, 117), (7, 4, 117), (7, 5, 117)], '7,7,261~7,9,261': [(7, 7, 137), (7, 8, 137), (7, 9, 137)], '5,3,160~6,3,160': [(5, 3, 88), (6, 3, 88)], '2,1,104~2,3,104': [(2, 1, 59), (2, 2, 59), (2, 3, 59)], '5,6,47~7,6,47': [(5, 6, 24), (6, 6, 24), (7, 6, 24)], '8,3,4~8,4,4': [(8, 3, 2), (8, 4, 2)], '9,0,175~9,1,175': [(9, 0, 95), (9, 1, 95)], '4,4,190~6,4,190': [(4, 4, 102), (5, 4, 102), (6, 4, 102)], '9,3,42~9,3,44': [(9, 3, 21), (9, 3, 22), (9, 3, 23)], '1,2,75~1,4,75': [(1, 2, 39), (1, 3, 39), (1, 4, 39)], '3,2,311~3,5,311': [(3, 2, 171), (3, 3, 171), (3, 4, 171), (3, 5, 171)], '7,4,280~8,4,280': [(7, 4, 151), (8, 4, 151)], '8,5,263~9,5,263': [(8, 5, 139), (9, 5, 139)], '1,2,46~4,2,46': [(1, 2, 22), (2, 2, 22), (3, 2, 22), (4, 2, 22)], '4,5,6~4,5,8': [(4, 5, 4), (4, 5, 5), (4, 5, 6)], '9,9,159~9,9,162': [(9, 9, 89), (9, 9, 90), (9, 9, 91), (9, 9, 92)], '6,9,15~8,9,15': [(6, 9, 8), (7, 9, 8), (8, 9, 8)], '1,6,179~4,6,179': [(1, 6, 96), (2, 6, 96), (3, 6, 96), (4, 6, 96)], '5,5,183~5,6,183': [(5, 5, 98), (5, 6, 98)], '3,8,47~3,9,47': [(3, 8, 24), (3, 9, 24)], '1,5,45~1,7,45': [(1, 5, 24), (1, 6, 24), (1, 7, 24)], '0,9,44~1,9,44': [(0, 9, 23), (1, 9, 23)], '3,8,53~3,8,54': [(3, 8, 26), (3, 8, 27)], '0,3,259~1,3,259': [(0, 3, 136), (1, 3, 136)], '8,0,9~9,0,9': [(8, 0, 4), (9, 0, 4)], '4,1,99~7,1,99': [(4, 1, 57), (5, 1, 57), (6, 1, 57), (7, 1, 57)], '0,8,298~3,8,298': [(0, 8, 163), (1, 8, 163), (2, 8, 163), (3, 8, 163)], '3,2,137~5,2,137': [(3, 2, 73), (4, 2, 73), (5, 2, 73)], '6,2,87~6,4,87': [(6, 2, 49), (6, 3, 49), (6, 4, 49)], '2,6,7~5,6,7': [(2, 6, 4), (3, 6, 4), (4, 6, 4), (5, 6, 4)], '2,1,49~2,2,49': [(2, 1, 24), (2, 2, 24)], '0,7,26~1,7,26': [(0, 7, 12), (1, 7, 12)], '0,6,54~1,6,54': [(0, 6, 27), (1, 6, 27)], '1,3,283~2,3,283': [(1, 3, 155), (2, 3, 155)], '2,5,71~2,8,71': [(2, 5, 38), (2, 6, 38), (2, 7, 38), (2, 8, 38)], '9,3,146~9,5,146': [(9, 3, 80), (9, 4, 80), (9, 5, 80)], '2,4,215~2,4,217': [(2, 4, 113), (2, 4, 114), (2, 4, 115)], '6,6,119~6,7,119': [(6, 6, 66), (6, 7, 66)], '1,2,221~1,3,221': [(1, 2, 117), (1, 3, 117)], '2,2,247~4,2,247': [(2, 2, 131), (3, 2, 131), (4, 2, 131)], '4,1,73~6,1,73': [(4, 1, 43), (5, 1, 43), (6, 1, 43)], '7,1,194~9,1,194': [(7, 1, 105), (8, 1, 105), (9, 1, 105)], '6,5,41~6,5,43': [(6, 5, 20), (6, 5, 21), (6, 5, 22)], '5,2,177~8,2,177': [(5, 2, 98), (6, 2, 98), (7, 2, 98), (8, 2, 98)], '0,0,28~0,2,28': [(0, 0, 16), (0, 1, 16), (0, 2, 16)], '7,3,312~7,5,312': [(7, 3, 168), (7, 4, 168), (7, 5, 168)], '7,8,265~9,8,265': [(7, 8, 139), (8, 8, 139), (9, 8, 139)], '6,3,268~6,5,268': [(6, 3, 146), (6, 4, 146), (6, 5, 146)], '3,4,321~3,6,321': [(3, 4, 176), (3, 5, 176), (3, 6, 176)], '6,6,98~6,9,98': [(6, 6, 53), (6, 7, 53), (6, 8, 53), (6, 9, 53)], '4,2,6~4,4,6': [(4, 2, 3), (4, 3, 3), (4, 4, 3)], '1,7,152~2,7,152': [(1, 7, 80), (2, 7, 80)], '1,5,281~3,5,281': [(1, 5, 153), (2, 5, 153), (3, 5, 153)], '7,0,176~7,1,176': [(7, 0, 95), (7, 1, 95)], '1,4,17~1,6,17': [(1, 4, 8), (1, 5, 8), (1, 6, 8)], '9,6,88~9,8,88': [(9, 6, 51), (9, 7, 51), (9, 8, 51)], '4,2,89~4,4,89': [(4, 2, 50), (4, 3, 50), (4, 4, 50)], '5,0,148~5,1,148': [(5, 0, 81), (5, 1, 81)], '4,3,75~4,3,75': [(4, 3, 39)], '8,7,84~9,7,84': [(8, 7, 48), (9, 7, 48)], '6,5,8~6,6,8': [(6, 5, 4), (6, 6, 4)], '8,0,179~9,0,179': [(8, 0, 99), (9, 0, 99)], '3,0,14~3,1,14': [(3, 0, 5), (3, 1, 5)], '4,4,78~5,4,78': [(4, 4, 47), (5, 4, 47)], '4,1,122~6,1,122': [(4, 1, 67), (5, 1, 67), (6, 1, 67)], '7,0,129~7,2,129': [(7, 0, 69), (7, 1, 69), (7, 2, 69)], '3,9,17~6,9,17': [(3, 9, 9), (4, 9, 9), (5, 9, 9), (6, 9, 9)], '4,1,157~4,4,157': [(4, 1, 87), (4, 2, 87), (4, 3, 87), (4, 4, 87)], '0,5,306~0,7,306': [(0, 5, 168), (0, 6, 168), (0, 7, 168)], '6,3,256~9,3,256': [(6, 3, 136), (7, 3, 136), (8, 3, 136), (9, 3, 136)], '9,5,180~9,7,180': [(9, 5, 99), (9, 6, 99), (9, 7, 99)], '2,1,57~2,1,59': [(2, 1, 30), (2, 1, 31), (2, 1, 32)], '3,2,147~3,4,147': [(3, 2, 80), (3, 3, 80), (3, 4, 80)], '0,4,284~0,6,284': [(0, 4, 155), (0, 5, 155), (0, 6, 155)], '8,1,60~8,4,60': [(8, 1, 38), (8, 2, 38), (8, 3, 38), (8, 4, 38)], '7,2,160~7,5,160': [(7, 2, 87), (7, 3, 87), (7, 4, 87), (7, 5, 87)], '8,3,298~9,3,298': [(8, 3, 160), (9, 3, 160)], '7,6,283~9,6,283': [(7, 6, 148), (8, 6, 148), (9, 6, 148)], '6,4,42~9,4,42': [(6, 4, 23), (7, 4, 23), (8, 4, 23), (9, 4, 23)], '0,1,82~1,1,82': [(0, 1, 44), (1, 1, 44)], '5,2,45~5,5,45': [(5, 2, 22), (5, 3, 22), (5, 4, 22), (5, 5, 22)], '6,4,143~7,4,143': [(6, 4, 77), (7, 4, 77)], '7,3,260~7,3,262': [(7, 3, 138), (7, 3, 139), (7, 3, 140)], '0,6,216~2,6,216': [(0, 6, 117), (1, 6, 117), (2, 6, 117)], '1,6,290~2,6,290': [(1, 6, 158), (2, 6, 158)], '7,9,265~7,9,268': [(7, 9, 139), (7, 9, 140), (7, 9, 141), (7, 9, 142)], '3,1,53~5,1,53': [(3, 1, 27), (4, 1, 27), (5, 1, 27)], '1,4,105~1,6,105': [(1, 4, 60), (1, 5, 60), (1, 6, 60)], '2,1,70~2,3,70': [(2, 1, 37), (2, 2, 37), (2, 3, 37)], '2,3,45~2,5,45': [(2, 3, 23), (2, 4, 23), (2, 5, 23)], '1,6,210~1,6,213': [(1, 6, 113), (1, 6, 114), (1, 6, 115), (1, 6, 116)], '6,3,230~6,5,230': [(6, 3, 126), (6, 4, 126), (6, 5, 126)], '0,1,302~0,1,304': [(0, 1, 164), (0, 1, 165), (0, 1, 166)], '5,0,52~5,0,53': [(5, 0, 25), (5, 0, 26)], '8,3,204~9,3,204': [(8, 3, 111), (9, 3, 111)], '0,5,13~3,5,13': [(0, 5, 6), (1, 5, 6), (2, 5, 6), (3, 5, 6)], '7,9,194~9,9,194': [(7, 9, 106), (8, 9, 106), (9, 9, 106)], '6,2,2~6,4,2': [(6, 2, 1), (6, 3, 1), (6, 4, 1)], '5,0,44~5,3,44': [(5, 0, 21), (5, 1, 21), (5, 2, 21), (5, 3, 21)], '3,6,189~3,9,189': [(3, 6, 101), (3, 7, 101), (3, 8, 101), (3, 9, 101)], '3,2,183~3,2,183': [(3, 2, 99)], '4,4,271~6,4,271': [(4, 4, 147), (5, 4, 147), (6, 4, 147)], '5,5,250~5,5,252': [(5, 5, 133), (5, 5, 134), (5, 5, 135)], '0,1,84~0,1,86': [(0, 1, 45), (0, 1, 46), (0, 1, 47)], '4,0,12~6,0,12': [(4, 0, 5), (5, 0, 5), (6, 0, 5)], '2,4,299~5,4,299': [(2, 4, 162), (3, 4, 162), (4, 4, 162), (5, 4, 162)], '7,7,87~9,7,87': [(7, 7, 50), (8, 7, 50), (9, 7, 50)], '2,0,196~2,0,197': [(2, 0, 106), (2, 0, 107)], '8,2,17~8,4,17': [(8, 2, 9), (8, 3, 9), (8, 4, 9)], '3,3,243~6,3,243': [(3, 3, 129), (4, 3, 129), (5, 3, 129), (6, 3, 129)], '5,9,165~8,9,165': [(5, 9, 90), (6, 9, 90), (7, 9, 90), (8, 9, 90)], '2,3,263~2,5,263': [(2, 3, 141), (2, 4, 141), (2, 5, 141)], '4,4,228~6,4,228': [(4, 4, 124), (5, 4, 124), (6, 4, 124)], '8,8,64~8,9,64': [(8, 8, 32), (8, 9, 32)], '5,5,10~5,6,10': [(5, 5, 5), (5, 6, 5)], '1,5,102~1,7,102': [(1, 5, 58), (1, 6, 58), (1, 7, 58)], '8,6,154~8,9,154': [(8, 6, 82), (8, 7, 82), (8, 8, 82), (8, 9, 82)], '5,3,138~5,4,138': [(5, 3, 73), (5, 4, 73)], '9,6,116~9,8,116': [(9, 6, 64), (9, 7, 64), (9, 8, 64)], '4,5,154~7,5,154': [(4, 5, 84), (5, 5, 84), (6, 5, 84), (7, 5, 84)], '4,3,273~6,3,273': [(4, 3, 149), (5, 3, 149), (6, 3, 149)], '3,8,123~6,8,123': [(3, 8, 68), (4, 8, 68), (5, 8, 68), (6, 8, 68)], '2,5,21~2,8,21': [(2, 5, 10), (2, 6, 10), (2, 7, 10), (2, 8, 10)], '5,5,5~8,5,5': [(5, 5, 3), (6, 5, 3), (7, 5, 3), (8, 5, 3)], '4,3,239~5,3,239': [(4, 3, 127), (5, 3, 127)], '1,5,160~3,5,160': [(1, 5, 87), (2, 5, 87), (3, 5, 87)], '8,0,150~8,2,150': [(8, 0, 81), (8, 1, 81), (8, 2, 81)], '9,6,191~9,8,191': [(9, 6, 104), (9, 7, 104), (9, 8, 104)], '4,2,248~4,3,248': [(4, 2, 132), (4, 3, 132)], '8,2,86~8,2,87': [(8, 2, 49), (8, 2, 50)], '3,1,218~5,1,218': [(3, 1, 117), (4, 1, 117), (5, 1, 117)], '8,8,199~9,8,199': [(8, 8, 108), (9, 8, 108)], '9,4,261~9,7,261': [(9, 4, 138), (9, 5, 138), (9, 6, 138), (9, 7, 138)], '0,4,294~3,4,294': [(0, 4, 160), (1, 4, 160), (2, 4, 160), (3, 4, 160)], '9,3,102~9,4,102': [(9, 3, 54), (9, 4, 54)], '1,1,76~1,4,76': [(1, 1, 40), (1, 2, 40), (1, 3, 40), (1, 4, 40)], '9,4,193~9,6,193': [(9, 4, 105), (9, 5, 105), (9, 6, 105)], '6,3,314~6,5,314': [(6, 3, 169), (6, 4, 169), (6, 5, 169)], '3,6,176~3,9,176': [(3, 6, 95), (3, 7, 95), (3, 8, 95), (3, 9, 95)], '2,7,124~5,7,124': [(2, 7, 69), (3, 7, 69), (4, 7, 69), (5, 7, 69)], '6,4,29~6,6,29': [(6, 4, 15), (6, 5, 15), (6, 6, 15)], '1,3,9~2,3,9': [(1, 3, 3), (2, 3, 3)], '6,5,304~8,5,304': [(6, 5, 165), (7, 5, 165), (8, 5, 165)], '3,2,87~5,2,87': [(3, 2, 49), (4, 2, 49), (5, 2, 49)], '0,5,172~2,5,172': [(0, 5, 93), (1, 5, 93), (2, 5, 93)], '4,2,120~7,2,120': [(4, 2, 65), (5, 2, 65), (6, 2, 65), (7, 2, 65)], '2,0,28~2,3,28': [(2, 0, 16), (2, 1, 16), (2, 2, 16), (2, 3, 16)], '3,3,19~4,3,19': [(3, 3, 11), (4, 3, 11)], '2,9,9~4,9,9': [(2, 9, 6), (3, 9, 6), (4, 9, 6)], '1,8,39~4,8,39': [(1, 8, 20), (2, 8, 20), (3, 8, 20), (4, 8, 20)], '3,3,204~3,6,204': [(3, 3, 109), (3, 4, 109), (3, 5, 109), (3, 6, 109)], '5,7,182~5,8,182': [(5, 7, 100), (5, 8, 100)], '4,8,247~6,8,247': [(4, 8, 130), (5, 8, 130), (6, 8, 130)], '5,3,7~5,5,7': [(5, 3, 4), (5, 4, 4), (5, 5, 4)], '0,5,105~0,7,105': [(0, 5, 60), (0, 6, 60), (0, 7, 60)], '2,8,291~2,9,291': [(2, 8, 159), (2, 9, 159)], '1,2,250~3,2,250': [(1, 2, 132), (2, 2, 132), (3, 2, 132)], '3,5,157~3,6,157': [(3, 5, 86), (3, 6, 86)], '9,1,165~9,4,165': [(9, 1, 92), (9, 2, 92), (9, 3, 92), (9, 4, 92)], '6,6,274~6,8,274': [(6, 6, 145), (6, 7, 145), (6, 8, 145)], '0,5,249~3,5,249': [(0, 5, 130), (1, 5, 130), (2, 5, 130), (3, 5, 130)], '2,4,7~4,4,7': [(2, 4, 4), (3, 4, 4), (4, 4, 4)], '4,1,295~6,1,295': [(4, 1, 159), (5, 1, 159), (6, 1, 159)], '2,2,198~3,2,198': [(2, 2, 106), (3, 2, 106)], '6,8,8~8,8,8': [(6, 8, 5), (7, 8, 5), (8, 8, 5)], '2,9,145~2,9,145': [(2, 9, 78)], '6,6,133~6,8,133': [(6, 6, 71), (6, 7, 71), (6, 8, 71)], '5,0,25~8,0,25': [(5, 0, 15), (6, 0, 15), (7, 0, 15), (8, 0, 15)], '0,5,109~0,7,109': [(0, 5, 62), (0, 6, 62), (0, 7, 62)], '6,6,136~6,8,136': [(6, 6, 73), (6, 7, 73), (6, 8, 73)], '1,2,135~1,5,135': [(1, 2, 72), (1, 3, 72), (1, 4, 72), (1, 5, 72)], '6,1,293~9,1,293': [(6, 1, 158), (7, 1, 158), (8, 1, 158), (9, 1, 158)], '8,6,159~8,6,160': [(8, 6, 84), (8, 6, 85)], '8,8,122~8,8,125': [(8, 8, 67), (8, 8, 68), (8, 8, 69), (8, 8, 70)], '7,4,37~7,4,39': [(7, 4, 18), (7, 4, 19), (7, 4, 20)], '5,3,75~5,4,75': [(5, 3, 45), (5, 4, 45)], '2,8,132~2,8,132': [(2, 8, 72)], '6,3,140~9,3,140': [(6, 3, 76), (7, 3, 76), (8, 3, 76), (9, 3, 76)], '7,7,38~7,9,38': [(7, 7, 19), (7, 8, 19), (7, 9, 19)], '1,0,292~1,2,292': [(1, 0, 159), (1, 1, 159), (1, 2, 159)], '7,0,88~9,0,88': [(7, 0, 50), (8, 0, 50), (9, 0, 50)], '2,5,246~4,5,246': [(2, 5, 129), (3, 5, 129), (4, 5, 129)], '9,9,40~9,9,44': [(9, 9, 21), (9, 9, 22), (9, 9, 23), (9, 9, 24), (9, 9, 25)], '0,6,74~0,8,74': [(0, 6, 40), (0, 7, 40), (0, 8, 40)], '3,0,132~6,0,132': [(3, 0, 70), (4, 0, 70), (5, 0, 70), (6, 0, 70)], '8,8,29~9,8,29': [(8, 8, 14), (9, 8, 14)], '7,7,166~9,7,166': [(7, 7, 90), (8, 7, 90), (9, 7, 90)], '3,2,274~3,4,274': [(3, 2, 148), (3, 3, 148), (3, 4, 148)], '7,2,269~7,3,269': [(7, 2, 143), (7, 3, 143)], '2,3,168~6,3,168': [(2, 3, 93), (3, 3, 93), (4, 3, 93), (5, 3, 93), (6, 3, 93)], '9,5,149~9,7,149': [(9, 5, 82), (9, 6, 82), (9, 7, 82)], '7,9,155~9,9,155': [(7, 9, 87), (8, 9, 87), (9, 9, 87)], '9,6,3~9,6,6': [(9, 6, 1), (9, 6, 2), (9, 6, 3), (9, 6, 4)], '3,1,272~6,1,272': [(3, 1, 147), (4, 1, 147), (5, 1, 147), (6, 1, 147)], '7,5,161~7,5,164': [(7, 5, 88), (7, 5, 89), (7, 5, 90), (7, 5, 91)], '6,7,258~9,7,258': [(6, 7, 136), (7, 7, 136), (8, 7, 136), (9, 7, 136)], '9,5,25~9,7,25': [(9, 5, 12), (9, 6, 12), (9, 7, 12)], '4,0,186~4,3,186': [(4, 0, 101), (4, 1, 101), (4, 2, 101), (4, 3, 101)], '1,1,156~1,4,156': [(1, 1, 85), (1, 2, 85), (1, 3, 85), (1, 4, 85)], '1,9,305~3,9,305': [(1, 9, 169), (2, 9, 169), (3, 9, 169)], '3,6,208~3,6,210': [(3, 6, 111), (3, 6, 112), (3, 6, 113)], '2,4,34~2,4,37': [(2, 4, 16), (2, 4, 17), (2, 4, 18), (2, 4, 19)], '3,6,142~6,6,142': [(3, 6, 75), (4, 6, 75), (5, 6, 75), (6, 6, 75)], '8,4,151~8,6,151': [(8, 4, 81), (8, 5, 81), (8, 6, 81)], '3,6,314~3,9,314': [(3, 6, 172), (3, 7, 172), (3, 8, 172), (3, 9, 172)], '7,2,145~7,3,145': [(7, 2, 79), (7, 3, 79)], '5,4,132~8,4,132': [(5, 4, 70), (6, 4, 70), (7, 4, 70), (8, 4, 70)], '7,1,190~7,1,192': [(7, 1, 102), (7, 1, 103), (7, 1, 104)], '7,2,268~9,2,268': [(7, 2, 141), (8, 2, 141), (9, 2, 141)], '0,3,159~1,3,159': [(0, 3, 87), (1, 3, 87)], '6,7,284~8,7,284': [(6, 7, 150), (7, 7, 150), (8, 7, 150)], '4,3,250~4,5,250': [(4, 3, 133), (4, 4, 133), (4, 5, 133)], '6,0,133~6,0,135': [(6, 0, 71), (6, 0, 72), (6, 0, 73)], '2,2,154~2,2,156': [(2, 2, 84), (2, 2, 85), (2, 2, 86)], '7,4,28~9,4,28': [(7, 4, 14), (8, 4, 14), (9, 4, 14)], '1,0,142~5,0,142': [(1, 0, 75), (2, 0, 75), (3, 0, 75), (4, 0, 75), (5, 0, 75)], '4,2,140~4,2,144': [(4, 2, 74), (4, 2, 75), (4, 2, 76), (4, 2, 77), (4, 2, 78)], '4,5,257~5,5,257': [(4, 5, 136), (5, 5, 136)], '8,6,123~8,7,123': [(8, 6, 68), (8, 7, 68)], '1,2,24~3,2,24': [(1, 2, 13), (2, 2, 13), (3, 2, 13)], '4,5,310~7,5,310': [(4, 5, 167), (5, 5, 167), (6, 5, 167), (7, 5, 167)], '0,6,259~2,6,259': [(0, 6, 136), (1, 6, 136), (2, 6, 136)], '4,7,261~6,7,261': [(4, 7, 137), (5, 7, 137), (6, 7, 137)], '3,8,70~5,8,70': [(3, 8, 38), (4, 8, 38), (5, 8, 38)], '6,5,311~6,8,311': [(6, 5, 168), (6, 6, 168), (6, 7, 168), (6, 8, 168)], '3,2,301~5,2,301': [(3, 2, 163), (4, 2, 163), (5, 2, 163)], '4,6,92~7,6,92': [(4, 6, 51), (5, 6, 51), (6, 6, 51), (7, 6, 51)], '0,7,148~0,9,148': [(0, 7, 79), (0, 8, 79), (0, 9, 79)], '4,0,47~6,0,47': [(4, 0, 23), (5, 0, 23), (6, 0, 23)], '5,6,207~5,8,207': [(5, 6, 111), (5, 7, 111), (5, 8, 111)], '6,6,208~7,6,208': [(6, 6, 111), (7, 6, 111)], '1,4,59~2,4,59': [(1, 4, 32), (2, 4, 32)], '2,2,97~3,2,97': [(2, 2, 55), (3, 2, 55)], '8,6,43~8,6,44': [(8, 6, 22), (8, 6, 23)], '7,2,89~8,2,89': [(7, 2, 51), (8, 2, 51)], '5,5,40~7,5,40': [(5, 5, 19), (6, 5, 19), (7, 5, 19)], '1,6,151~1,7,151': [(1, 6, 79), (1, 7, 79)], '7,3,139~7,5,139': [(7, 3, 75), (7, 4, 75), (7, 5, 75)], '9,1,88~9,1,91': [(9, 1, 50), (9, 1, 51), (9, 1, 52), (9, 1, 53)], '6,3,289~9,3,289': [(6, 3, 156), (7, 3, 156), (8, 3, 156), (9, 3, 156)], '7,4,56~9,4,56': [(7, 4, 34), (8, 4, 34), (9, 4, 34)], '6,4,41~9,4,41': [(6, 4, 22), (7, 4, 22), (8, 4, 22), (9, 4, 22)], '7,7,306~8,7,306': [(7, 7, 166), (8, 7, 166)], '6,6,120~9,6,120': [(6, 6, 67), (7, 6, 67), (8, 6, 67), (9, 6, 67)], '1,3,145~1,5,145': [(1, 3, 77), (1, 4, 77), (1, 5, 77)], '8,5,110~8,8,110': [(8, 5, 61), (8, 6, 61), (8, 7, 61), (8, 8, 61)], '5,0,147~5,2,147': [(5, 0, 80), (5, 1, 80), (5, 2, 80)], '7,4,64~7,6,64': [(7, 4, 38), (7, 5, 38), (7, 6, 38)], '7,9,39~9,9,39': [(7, 9, 20), (8, 9, 20), (9, 9, 20)], '3,6,206~6,6,206': [(3, 6, 110), (4, 6, 110), (5, 6, 110), (6, 6, 110)], '1,5,282~1,5,286': [(1, 5, 154), (1, 5, 155), (1, 5, 156), (1, 5, 157), (1, 5, 158)], '0,6,108~0,7,108': [(0, 6, 61), (0, 7, 61)], '0,5,27~0,7,27': [(0, 5, 13), (0, 6, 13), (0, 7, 13)], '0,4,298~0,5,298': [(0, 4, 162), (0, 5, 162)], '7,5,142~9,5,142': [(7, 5, 77), (8, 5, 77), (9, 5, 77)], '1,5,279~4,5,279': [(1, 5, 151), (2, 5, 151), (3, 5, 151), (4, 5, 151)], '7,4,93~8,4,93': [(7, 4, 53), (8, 4, 53)], '1,3,264~3,3,264': [(1, 3, 142), (2, 3, 142), (3, 3, 142)], '5,4,251~5,4,253': [(5, 4, 133), (5, 4, 134), (5, 4, 135)], '8,9,124~9,9,124': [(8, 9, 68), (9, 9, 68)], '4,5,321~7,5,321': [(4, 5, 175), (5, 5, 175), (6, 5, 175), (7, 5, 175)], '9,4,83~9,4,84': [(9, 4, 48), (9, 4, 49)], '6,4,168~6,6,168': [(6, 4, 94), (6, 5, 94), (6, 6, 94)], '0,1,215~1,1,215': [(0, 1, 115), (1, 1, 115)], '6,1,17~6,3,17': [(6, 1, 7), (6, 2, 7), (6, 3, 7)], '4,6,23~7,6,23': [(4, 6, 12), (5, 6, 12), (6, 6, 12), (7, 6, 12)], '9,4,96~9,5,96': [(9, 4, 52), (9, 5, 52)], '3,7,161~6,7,161': [(3, 7, 88), (4, 7, 88), (5, 7, 88), (6, 7, 88)], '3,4,59~3,5,59': [(3, 4, 34), (3, 5, 34)], '4,9,67~6,9,67': [(4, 9, 34), (5, 9, 34), (6, 9, 34)], '3,2,160~6,2,160': [(3, 2, 88), (4, 2, 88), (5, 2, 88), (6, 2, 88)], '5,9,108~7,9,108': [(5, 9, 60), (6, 9, 60), (7, 9, 60)], '4,8,248~7,8,248': [(4, 8, 131), (5, 8, 131), (6, 8, 131), (7, 8, 131)], '4,6,292~4,8,292': [(4, 6, 160), (4, 7, 160), (4, 8, 160)], '9,3,59~9,3,62': [(9, 3, 37), (9, 3, 38), (9, 3, 39), (9, 3, 40)], '3,9,57~4,9,57': [(3, 9, 29), (4, 9, 29)], '4,2,259~7,2,259': [(4, 2, 137), (5, 2, 137), (6, 2, 137), (7, 2, 137)], '0,5,140~0,6,140': [(0, 5, 74), (0, 6, 74)], '7,1,144~7,3,144': [(7, 1, 78), (7, 2, 78), (7, 3, 78)], '7,6,46~7,6,46': [(7, 6, 23)], '4,6,180~6,6,180': [(4, 6, 97), (5, 6, 97), (6, 6, 97)], '5,1,47~5,1,50': [(5, 1, 23), (5, 1, 24), (5, 1, 25), (5, 1, 26)], '9,1,85~9,3,85': [(9, 1, 48), (9, 2, 48), (9, 3, 48)], '4,0,292~4,2,292': [(4, 0, 158), (4, 1, 158), (4, 2, 158)], '6,2,100~6,2,103': [(6, 2, 57), (6, 2, 58), (6, 2, 59), (6, 2, 60)], '1,1,246~3,1,246': [(1, 1, 127), (2, 1, 127), (3, 1, 127)], '4,1,184~6,1,184': [(4, 1, 100), (5, 1, 100), (6, 1, 100)], '2,9,196~5,9,196': [(2, 9, 104), (3, 9, 104), (4, 9, 104), (5, 9, 104)], '1,3,152~1,3,152': [(1, 3, 80)], '2,4,149~4,4,149': [(2, 4, 81), (3, 4, 81), (4, 4, 81)], '4,4,273~4,6,273': [(4, 4, 148), (4, 5, 148), (4, 6, 148)], '3,2,16~5,2,16': [(3, 2, 7), (4, 2, 7), (5, 2, 7)], '7,8,233~7,9,233': [(7, 8, 127), (7, 9, 127)], '2,7,24~5,7,24': [(2, 7, 12), (3, 7, 12), (4, 7, 12), (5, 7, 12)], '3,3,93~3,5,93': [(3, 3, 52), (3, 4, 52), (3, 5, 52)], '5,7,12~5,8,12': [(5, 7, 9), (5, 8, 9)], '6,2,257~8,2,257': [(6, 2, 136), (7, 2, 136), (8, 2, 136)], '4,0,162~4,2,162': [(4, 0, 90), (4, 1, 90), (4, 2, 90)], '4,3,224~6,3,224': [(4, 3, 122), (5, 3, 122), (6, 3, 122)], '3,9,138~5,9,138': [(3, 9, 77), (4, 9, 77), (5, 9, 77)], '6,4,45~9,4,45': [(6, 4, 25), (7, 4, 25), (8, 4, 25), (9, 4, 25)], '3,3,277~4,3,277': [(3, 3, 152), (4, 3, 152)], '3,6,66~3,8,66': [(3, 6, 34), (3, 7, 34), (3, 8, 34)], '8,1,183~8,3,183': [(8, 1, 100), (8, 2, 100), (8, 3, 100)], '9,6,52~9,8,52': [(9, 6, 28), (9, 7, 28), (9, 8, 28)], '3,8,170~4,8,170': [(3, 8, 93), (4, 8, 93)], '0,0,111~4,0,111': [(0, 0, 62), (1, 0, 62), (2, 0, 62), (3, 0, 62), (4, 0, 62)], '1,8,139~1,9,139': [(1, 8, 76), (1, 9, 76)], '6,3,126~6,5,126': [(6, 3, 68), (6, 4, 68), (6, 5, 68)], '2,5,143~4,5,143': [(2, 5, 75), (3, 5, 75), (4, 5, 75)], '6,1,187~6,4,187': [(6, 1, 101), (6, 2, 101), (6, 3, 101), (6, 4, 101)], '5,2,3~5,3,3': [(5, 2, 1), (5, 3, 1)], '5,8,128~5,8,130': [(5, 8, 72), (5, 8, 73), (5, 8, 74)], '7,6,280~7,8,280': [(7, 6, 147), (7, 7, 147), (7, 8, 147)], '4,1,140~6,1,140': [(4, 1, 75), (5, 1, 75), (6, 1, 75)], '7,6,299~7,6,301': [(7, 6, 160), (7, 6, 161), (7, 6, 162)], '6,2,167~6,2,169': [(6, 2, 92), (6, 2, 93), (6, 2, 94)], '0,9,222~2,9,222': [(0, 9, 119), (1, 9, 119), (2, 9, 119)], '0,4,3~1,4,3': [(0, 4, 1), (1, 4, 1)], '3,9,199~5,9,199': [(3, 9, 106), (4, 9, 106), (5, 9, 106)], '4,2,266~4,4,266': [(4, 2, 144), (4, 3, 144), (4, 4, 144)], '8,3,310~8,5,310': [(8, 3, 167), (8, 4, 167), (8, 5, 167)], '6,8,186~6,9,186': [(6, 8, 102), (6, 9, 102)], '7,8,171~9,8,171': [(7, 8, 91), (8, 8, 91), (9, 8, 91)], '2,4,139~4,4,139': [(2, 4, 74), (3, 4, 74), (4, 4, 74)], '7,0,314~7,3,314': [(7, 0, 169), (7, 1, 169), (7, 2, 169), (7, 3, 169)], '5,3,71~5,4,71': [(5, 3, 43), (5, 4, 43)], '6,8,1~6,9,1': [(6, 8, 1), (6, 9, 1)], '7,4,267~7,7,267': [(7, 4, 143), (7, 5, 143), (7, 6, 143), (7, 7, 143)], '2,0,9~2,0,11': [(2, 0, 5), (2, 0, 6), (2, 0, 7)], '9,0,180~9,0,182': [(9, 0, 100), (9, 0, 101), (9, 0, 102)], '2,3,171~3,3,171': [(2, 3, 94), (3, 3, 94)], '1,6,65~2,6,65': [(1, 6, 35), (2, 6, 35)], '1,6,138~1,8,138': [(1, 6, 75), (1, 7, 75), (1, 8, 75)], '4,3,3~4,5,3': [(4, 3, 2), (4, 4, 2), (4, 5, 2)], '5,1,186~5,2,186': [(5, 1, 101), (5, 2, 101)], '1,1,216~5,1,216': [(1, 1, 116), (2, 1, 116), (3, 1, 116), (4, 1, 116), (5, 1, 116)], '4,9,128~7,9,128': [(4, 9, 72), (5, 9, 72), (6, 9, 72), (7, 9, 72)], '5,7,97~5,8,97': [(5, 7, 53), (5, 8, 53)], '2,7,290~4,7,290': [(2, 7, 156), (3, 7, 156), (4, 7, 156)], '6,1,33~6,4,33': [(6, 1, 16), (6, 2, 16), (6, 3, 16), (6, 4, 16)], '8,4,79~9,4,79': [(8, 4, 46), (9, 4, 46)], '4,5,74~7,5,74': [(4, 5, 45), (5, 5, 45), (6, 5, 45), (7, 5, 45)], '8,0,197~8,1,197': [(8, 0, 107), (8, 1, 107)], '6,9,117~9,9,117': [(6, 9, 65), (7, 9, 65), (8, 9, 65), (9, 9, 65)], '7,0,214~7,3,214': [(7, 0, 115), (7, 1, 115), (7, 2, 115), (7, 3, 115)], '9,2,196~9,5,196': [(9, 2, 107), (9, 3, 107), (9, 4, 107), (9, 5, 107)], '0,7,201~0,8,201': [(0, 7, 109), (0, 8, 109)], '3,6,8~3,9,8': [(3, 6, 5), (3, 7, 5), (3, 8, 5), (3, 9, 5)], '7,5,158~9,5,158': [(7, 5, 86), (8, 5, 86), (9, 5, 86)], '5,7,282~5,8,282': [(5, 7, 151), (5, 8, 151)], '2,9,50~4,9,50': [(2, 9, 25), (3, 9, 25), (4, 9, 25)], '1,6,219~1,8,219': [(1, 6, 118), (1, 7, 118), (1, 8, 118)], '5,8,148~7,8,148': [(5, 8, 80), (6, 8, 80), (7, 8, 80)], '5,1,67~5,2,67': [(5, 1, 40), (5, 2, 40)], '0,7,137~0,8,137': [(0, 7, 75), (0, 8, 75)], '7,7,145~7,9,145': [(7, 7, 79), (7, 8, 79), (7, 9, 79)], '2,3,10~2,3,12': [(2, 3, 4), (2, 3, 5), (2, 3, 6)], '3,3,178~5,3,178': [(3, 3, 99), (4, 3, 99), (5, 3, 99)], '1,5,153~2,5,153': [(1, 5, 83), (2, 5, 83)], '5,8,132~5,9,132': [(5, 8, 75), (5, 9, 75)], '2,2,237~3,2,237': [(2, 2, 123), (3, 2, 123)], '5,2,304~5,3,304': [(5, 2, 164), (5, 3, 164)], '2,0,243~4,0,243': [(2, 0, 129), (3, 0, 129), (4, 0, 129)], '0,1,244~2,1,244': [(0, 1, 126), (1, 1, 126), (2, 1, 126)], '3,0,148~4,0,148': [(3, 0, 78), (4, 0, 78)], '1,3,100~1,5,100': [(1, 3, 57), (1, 4, 57), (1, 5, 57)], '5,4,110~5,7,110': [(5, 4, 61), (5, 5, 61), (5, 6, 61), (5, 7, 61)], '4,5,145~4,5,145': [(4, 5, 76)], '6,3,142~7,3,142': [(6, 3, 77), (7, 3, 77)], '6,9,42~8,9,42': [(6, 9, 21), (7, 9, 21), (8, 9, 21)], '0,6,267~3,6,267': [(0, 6, 142), (1, 6, 142), (2, 6, 142), (3, 6, 142)], '8,0,47~8,3,47': [(8, 0, 23), (8, 1, 23), (8, 2, 23), (8, 3, 23)], '5,7,178~8,7,178': [(5, 7, 98), (6, 7, 98), (7, 7, 98), (8, 7, 98)], '5,9,175~5,9,177': [(5, 9, 94), (5, 9, 95), (5, 9, 96)], '4,5,184~7,5,184': [(4, 5, 99), (5, 5, 99), (6, 5, 99), (7, 5, 99)], '2,3,181~3,3,181': [(2, 3, 100), (3, 3, 100)], '4,0,102~4,2,102': [(4, 0, 58), (4, 1, 58), (4, 2, 58)], '7,5,151~7,5,153': [(7, 5, 81), (7, 5, 82), (7, 5, 83)], '6,0,138~8,0,138': [(6, 0, 74), (7, 0, 74), (8, 0, 74)], '6,2,284~6,2,286': [(6, 2, 153), (6, 2, 154), (6, 2, 155)], '5,8,302~8,8,302': [(5, 8, 164), (6, 8, 164), (7, 8, 164), (8, 8, 164)], '1,7,194~3,7,194': [(1, 7, 103), (2, 7, 103), (3, 7, 103)], '3,6,302~5,6,302': [(3, 6, 167), (4, 6, 167), (5, 6, 167)], '3,6,226~3,8,226': [(3, 6, 122), (3, 7, 122), (3, 8, 122)], '5,9,74~8,9,74': [(5, 9, 41), (6, 9, 41), (7, 9, 41), (8, 9, 41)], '3,3,296~3,6,296': [(3, 3, 161), (3, 4, 161), (3, 5, 161), (3, 6, 161)], '1,3,69~2,3,69': [(1, 3, 36), (2, 3, 36)], '1,8,243~4,8,243': [(1, 8, 126), (2, 8, 126), (3, 8, 126), (4, 8, 126)], '3,2,63~3,3,63': [(3, 2, 33), (3, 3, 33)], '0,5,138~3,5,138': [(0, 5, 73), (1, 5, 73), (2, 5, 73), (3, 5, 73)], '6,9,109~7,9,109': [(6, 9, 61), (7, 9, 61)], '3,8,291~6,8,291': [(3, 8, 159), (4, 8, 159), (5, 8, 159), (6, 8, 159)], '3,7,129~3,9,129': [(3, 7, 71), (3, 8, 71), (3, 9, 71)], '6,6,299~6,8,299': [(6, 6, 163), (6, 7, 163), (6, 8, 163)], '4,6,114~4,8,114': [(4, 6, 64), (4, 7, 64), (4, 8, 64)], '0,0,170~0,2,170': [(0, 0, 92), (0, 1, 92), (0, 2, 92)], '0,2,26~2,2,26': [(0, 2, 15), (1, 2, 15), (2, 2, 15)], '1,3,78~1,4,78': [(1, 3, 41), (1, 4, 41)], '9,6,172~9,8,172': [(9, 6, 92), (9, 7, 92), (9, 8, 92)], '5,0,214~5,2,214': [(5, 0, 115), (5, 1, 115), (5, 2, 115)], '4,5,280~7,5,280': [(4, 5, 152), (5, 5, 152), (6, 5, 152), (7, 5, 152)], '9,3,103~9,3,105': [(9, 3, 55), (9, 3, 56), (9, 3, 57)], '0,7,46~0,9,46': [(0, 7, 25), (0, 8, 25), (0, 9, 25)], '4,3,202~4,5,202': [(4, 3, 109), (4, 4, 109), (4, 5, 109)], '0,3,220~0,6,220': [(0, 3, 119), (0, 4, 119), (0, 5, 119), (0, 6, 119)], '8,7,190~8,9,190': [(8, 7, 104), (8, 8, 104), (8, 9, 104)], '6,4,164~9,4,164': [(6, 4, 91), (7, 4, 91), (8, 4, 91), (9, 4, 91)], '6,9,235~8,9,235': [(6, 9, 129), (7, 9, 129), (8, 9, 129)], '8,8,120~8,9,120': [(8, 8, 66), (8, 9, 66)], '6,3,221~6,5,221': [(6, 3, 120), (6, 4, 120), (6, 5, 120)], '0,0,106~2,0,106': [(0, 0, 60), (1, 0, 60), (2, 0, 60)], '6,3,171~8,3,171': [(6, 3, 94), (7, 3, 94), (8, 3, 94)], '5,3,226~5,6,226': [(5, 3, 123), (5, 4, 123), (5, 5, 123), (5, 6, 123)], '9,5,267~9,7,267': [(9, 5, 141), (9, 6, 141), (9, 7, 141)], '8,4,198~8,5,198': [(8, 4, 107), (8, 5, 107)], '0,3,99~3,3,99': [(0, 3, 56), (1, 3, 56), (2, 3, 56), (3, 3, 56)], '2,5,277~2,8,277': [(2, 5, 150), (2, 6, 150), (2, 7, 150), (2, 8, 150)], '1,7,262~4,7,262': [(1, 7, 138), (2, 7, 138), (3, 7, 138), (4, 7, 138)], '3,9,140~5,9,140': [(3, 9, 78), (4, 9, 78), (5, 9, 78)], '2,8,23~2,9,23': [(2, 8, 11), (2, 9, 11)], '7,2,66~7,5,66': [(7, 2, 39), (7, 3, 39), (7, 4, 39), (7, 5, 39)], '9,1,106~9,3,106': [(9, 1, 58), (9, 2, 58), (9, 3, 58)], '5,6,250~7,6,250': [(5, 6, 133), (6, 6, 133), (7, 6, 133)], '7,2,322~7,5,322': [(7, 2, 176), (7, 3, 176), (7, 4, 176), (7, 5, 176)], '1,6,268~1,8,268': [(1, 6, 143), (1, 7, 143), (1, 8, 143)], '8,4,208~8,7,208': [(8, 4, 113), (8, 5, 113), (8, 6, 113), (8, 7, 113)], '7,4,57~9,4,57': [(7, 4, 35), (8, 4, 35), (9, 4, 35)], '6,4,253~6,7,253': [(6, 4, 134), (6, 5, 134), (6, 6, 134), (6, 7, 134)], '7,9,264~9,9,264': [(7, 9, 138), (8, 9, 138), (9, 9, 138)], '2,5,136~4,5,136': [(2, 5, 72), (3, 5, 72), (4, 5, 72)], '3,6,186~3,8,186': [(3, 6, 99), (3, 7, 99), (3, 8, 99)], '8,4,202~8,5,202': [(8, 4, 109), (8, 5, 109)], '7,5,43~7,7,43': [(7, 5, 22), (7, 6, 22), (7, 7, 22)], '1,2,263~1,4,263': [(1, 2, 140), (1, 3, 140), (1, 4, 140)], '9,6,28~9,8,28': [(9, 6, 13), (9, 7, 13), (9, 8, 13)], '4,4,111~6,4,111': [(4, 4, 62), (5, 4, 62), (6, 4, 62)], '4,9,144~5,9,144': [(4, 9, 80), (5, 9, 80)], '7,4,264~8,4,264': [(7, 4, 142), (8, 4, 142)], '0,9,2~0,9,2': [(0, 9, 1)], '4,2,270~4,3,270': [(4, 2, 146), (4, 3, 146)], '2,6,253~2,6,256': [(2, 6, 132), (2, 6, 133), (2, 6, 134), (2, 6, 135)], '8,4,134~9,4,134': [(8, 4, 71), (9, 4, 71)], '6,2,319~7,2,319': [(6, 2, 171), (7, 2, 171)], '5,3,24~9,3,24': [(5, 3, 12), (6, 3, 12), (7, 3, 12), (8, 3, 12), (9, 3, 12)], '5,3,302~6,3,302': [(5, 3, 163), (6, 3, 163)], '4,7,151~6,7,151': [(4, 7, 82), (5, 7, 82), (6, 7, 82)], '3,1,58~4,1,58': [(3, 1, 29), (4, 1, 29)], '2,2,161~3,2,161': [(2, 2, 89), (3, 2, 89)], '6,3,259~6,4,259': [(6, 3, 137), (6, 4, 137)], '5,4,36~7,4,36': [(5, 4, 17), (6, 4, 17), (7, 4, 17)], '0,1,219~1,1,219': [(0, 1, 117), (1, 1, 117)], '0,0,158~0,2,158': [(0, 0, 87), (0, 1, 87), (0, 2, 87)], '7,9,10~8,9,10': [(7, 9, 5), (8, 9, 5)], '8,2,284~8,5,284': [(8, 2, 153), (8, 3, 153), (8, 4, 153), (8, 5, 153)], '3,2,211~5,2,211': [(3, 2, 113), (4, 2, 113), (5, 2, 113)], '0,0,140~2,0,140': [(0, 0, 74), (1, 0, 74), (2, 0, 74)], '7,5,62~8,5,62': [(7, 5, 37), (8, 5, 37)], '1,4,208~1,5,208': [(1, 4, 113), (1, 5, 113)], '2,3,14~2,3,16': [(2, 3, 7), (2, 3, 8), (2, 3, 9)], '0,2,1~0,3,1': [(0, 2, 1), (0, 3, 1)], '7,5,201~9,5,201': [(7, 5, 108), (8, 5, 108), (9, 5, 108)], '1,5,213~2,5,213': [(1, 5, 114), (2, 5, 114)], '4,4,314~4,4,316': [(4, 4, 169), (4, 4, 170), (4, 4, 171)], '1,5,254~4,5,254': [(1, 5, 134), (2, 5, 134), (3, 5, 134), (4, 5, 134)], '8,3,2~8,5,2': [(8, 3, 1), (8, 4, 1), (8, 5, 1)], '2,9,282~2,9,284': [(2, 9, 153), (2, 9, 154), (2, 9, 155)], '9,3,99~9,4,99': [(9, 3, 53), (9, 4, 53)], '5,7,173~6,7,173': [(5, 7, 96), (6, 7, 96)], '1,3,31~3,3,31': [(1, 3, 17), (2, 3, 17), (3, 3, 17)], '4,8,173~4,9,173': [(4, 8, 94), (4, 9, 94)], '3,5,20~3,5,23': [(3, 5, 9), (3, 5, 10), (3, 5, 11), (3, 5, 12)], '3,7,265~3,8,265': [(3, 7, 140), (3, 8, 140)], '7,5,132~7,8,132': [(7, 5, 70), (7, 6, 70), (7, 7, 70), (7, 8, 70)], '4,8,74~5,8,74': [(4, 8, 40), (5, 8, 40)], '4,6,144~4,6,146': [(4, 6, 76), (4, 6, 77), (4, 6, 78)], '9,6,293~9,9,293': [(9, 6, 157), (9, 7, 157), (9, 8, 157), (9, 9, 157)], '5,8,231~5,9,231': [(5, 8, 126), (5, 9, 126)], '9,8,46~9,9,46': [(9, 8, 26), (9, 9, 26)], '3,4,138~4,4,138': [(3, 4, 73), (4, 4, 73)], '2,9,85~2,9,86': [(2, 9, 47), (2, 9, 48)], '4,1,296~4,3,296': [(4, 1, 160), (4, 2, 160), (4, 3, 160)], '2,7,121~4,7,121': [(2, 7, 68), (3, 7, 68), (4, 7, 68)], '7,1,298~7,3,298': [(7, 1, 161), (7, 2, 161), (7, 3, 161)], '5,7,65~5,9,65': [(5, 7, 33), (5, 8, 33), (5, 9, 33)], '3,3,285~3,3,288': [(3, 3, 155), (3, 3, 156), (3, 3, 157), (3, 3, 158)], '6,9,192~9,9,192': [(6, 9, 105), (7, 9, 105), (8, 9, 105), (9, 9, 105)], '5,5,134~5,7,134': [(5, 5, 72), (5, 6, 72), (5, 7, 72)], '2,9,234~5,9,234': [(2, 9, 127), (3, 9, 127), (4, 9, 127), (5, 9, 127)], '2,3,276~4,3,276': [(2, 3, 151), (3, 3, 151), (4, 3, 151)], '2,4,182~2,7,182': [(2, 4, 97), (2, 5, 97), (2, 6, 97), (2, 7, 97)], '5,3,227~8,3,227': [(5, 3, 124), (6, 3, 124), (7, 3, 124), (8, 3, 124)], '4,7,166~6,7,166': [(4, 7, 91), (5, 7, 91), (6, 7, 91)], '3,6,199~3,8,199': [(3, 6, 106), (3, 7, 106), (3, 8, 106)], '2,3,95~3,3,95': [(2, 3, 54), (3, 3, 54)], '2,7,83~2,9,83': [(2, 7, 46), (2, 8, 46), (2, 9, 46)], '6,5,132~6,6,132': [(6, 5, 70), (6, 6, 70)], '6,6,218~6,7,218': [(6, 6, 117), (6, 7, 117)], '6,4,91~6,4,92': [(6, 4, 51), (6, 4, 52)], '7,7,211~9,7,211': [(7, 7, 114), (8, 7, 114), (9, 7, 114)], '7,1,216~7,1,216': [(7, 1, 116)], '2,9,131~3,9,131': [(2, 9, 72), (3, 9, 72)], '5,3,157~6,3,157': [(5, 3, 87), (6, 3, 87)], '4,8,184~6,8,184': [(4, 8, 101), (5, 8, 101), (6, 8, 101)], '5,3,249~5,5,249': [(5, 3, 132), (5, 4, 132), (5, 5, 132)], '3,4,152~4,4,152': [(3, 4, 83), (4, 4, 83)], '7,0,123~7,3,123': [(7, 0, 66), (7, 1, 66), (7, 2, 66), (7, 3, 66)], '1,1,102~1,3,102': [(1, 1, 58), (1, 2, 58), (1, 3, 58)], '3,0,209~3,3,209': [(3, 0, 112), (3, 1, 112), (3, 2, 112), (3, 3, 112)], '6,2,254~6,4,254': [(6, 2, 135), (6, 3, 135), (6, 4, 135)], '7,0,40~7,3,40': [(7, 0, 19), (7, 1, 19), (7, 2, 19), (7, 3, 19)], '2,3,102~2,4,102': [(2, 3, 58), (2, 4, 58)], '4,3,163~5,3,163': [(4, 3, 90), (5, 3, 90)], '1,8,302~2,8,302': [(1, 8, 165), (2, 8, 165)], '6,7,201~8,7,201': [(6, 7, 107), (7, 7, 107), (8, 7, 107)], '0,2,133~2,2,133': [(0, 2, 71), (1, 2, 71), (2, 2, 71)], '5,2,285~5,3,285': [(5, 2, 153), (5, 3, 153)], '1,1,234~1,4,234': [(1, 1, 123), (1, 2, 123), (1, 3, 123), (1, 4, 123)], '7,0,295~7,2,295': [(7, 0, 159), (7, 1, 159), (7, 2, 159)], '9,2,272~9,2,275': [(9, 2, 144), (9, 2, 145), (9, 2, 146), (9, 2, 147)], '6,7,197~8,7,197': [(6, 7, 105), (7, 7, 105), (8, 7, 105)], '4,5,221~4,8,221': [(4, 5, 117), (4, 6, 117), (4, 7, 117), (4, 8, 117)], '7,0,188~7,2,188': [(7, 0, 101), (7, 1, 101), (7, 2, 101)], '3,3,25~3,5,25': [(3, 3, 13), (3, 4, 13), (3, 5, 13)], '0,2,143~0,2,143': [(0, 2, 76)], '4,3,226~4,5,226': [(4, 3, 123), (4, 4, 123), (4, 5, 123)], '1,3,255~1,3,256': [(1, 3, 134), (1, 3, 135)], '1,3,148~1,6,148': [(1, 3, 78), (1, 4, 78), (1, 5, 78), (1, 6, 78)], '6,0,228~6,3,228': [(6, 0, 125), (6, 1, 125), (6, 2, 125), (6, 3, 125)], '6,6,41~8,6,41': [(6, 6, 21), (7, 6, 21), (8, 6, 21)], '6,7,117~8,7,117': [(6, 7, 65), (7, 7, 65), (8, 7, 65)], '3,8,116~5,8,116': [(3, 8, 65), (4, 8, 65), (5, 8, 65)], '6,6,50~7,6,50': [(6, 6, 25), (7, 6, 25)], '1,3,81~1,5,81': [(1, 3, 47), (1, 4, 47), (1, 5, 47)], '4,4,167~7,4,167': [(4, 4, 93), (5, 4, 93), (6, 4, 93), (7, 4, 93)], '4,8,11~6,8,11': [(4, 8, 8), (5, 8, 8), (6, 8, 8)], '4,8,228~6,8,228': [(4, 8, 125), (5, 8, 125), (6, 8, 125)], '9,7,158~9,9,158': [(9, 7, 88), (9, 8, 88), (9, 9, 88)], '4,8,78~6,8,78': [(4, 8, 42), (5, 8, 42), (6, 8, 42)], '4,4,24~4,4,27': [(4, 4, 15), (4, 4, 16), (4, 4, 17), (4, 4, 18)], '4,1,246~6,1,246': [(4, 1, 131), (5, 1, 131), (6, 1, 131)], '4,5,133~6,5,133': [(4, 5, 71), (5, 5, 71), (6, 5, 71)], '0,6,231~1,6,231': [(0, 6, 123), (1, 6, 123)], '3,5,123~3,6,123': [(3, 5, 68), (3, 6, 68)], '6,1,231~6,1,232': [(6, 1, 126), (6, 1, 127)], '0,5,50~2,5,50': [(0, 5, 26), (1, 5, 26), (2, 5, 26)], '8,0,260~8,1,260': [(8, 0, 138), (8, 1, 138)], '4,8,56~6,8,56': [(4, 8, 27), (5, 8, 27), (6, 8, 27)], '6,0,45~8,0,45': [(6, 0, 22), (7, 0, 22), (8, 0, 22)], '5,8,319~8,8,319': [(5, 8, 175), (6, 8, 175), (7, 8, 175), (8, 8, 175)], '0,6,77~3,6,77': [(0, 6, 42), (1, 6, 42), (2, 6, 42), (3, 6, 42)], '6,3,272~6,5,272': [(6, 3, 148), (6, 4, 148), (6, 5, 148)], '7,8,277~9,8,277': [(7, 8, 146), (8, 8, 146), (9, 8, 146)], '9,1,180~9,2,180': [(9, 1, 98), (9, 2, 98)], '5,9,114~6,9,114': [(5, 9, 64), (6, 9, 64)], '8,8,275~8,9,275': [(8, 8, 144), (8, 9, 144)], '4,9,287~7,9,287': [(4, 9, 153), (5, 9, 153), (6, 9, 153), (7, 9, 153)], '3,0,72~6,0,72': [(3, 0, 43), (4, 0, 43), (5, 0, 43), (6, 0, 43)], '6,9,123~8,9,123': [(6, 9, 67), (7, 9, 67), (8, 9, 67)], '0,8,129~2,8,129': [(0, 8, 71), (1, 8, 71), (2, 8, 71)], '5,9,68~7,9,68': [(5, 9, 35), (6, 9, 35), (7, 9, 35)], '6,1,182~9,1,182': [(6, 1, 99), (7, 1, 99), (8, 1, 99), (9, 1, 99)], '7,4,141~9,4,141': [(7, 4, 76), (8, 4, 76), (9, 4, 76)], '6,6,165~6,8,165': [(6, 6, 89), (6, 7, 89), (6, 8, 89)], '7,7,295~8,7,295': [(7, 7, 158), (8, 7, 158)], '6,8,230~8,8,230': [(6, 8, 126), (7, 8, 126), (8, 8, 126)], '5,9,22~5,9,26': [(5, 9, 11), (5, 9, 12), (5, 9, 13), (5, 9, 14), (5, 9, 15)], '2,8,146~4,8,146': [(2, 8, 80), (3, 8, 80), (4, 8, 80)], '6,4,40~8,4,40': [(6, 4, 21), (7, 4, 21), (8, 4, 21)], '3,4,267~6,4,267': [(3, 4, 145), (4, 4, 145), (5, 4, 145), (6, 4, 145)], '5,6,108~8,6,108': [(5, 6, 60), (6, 6, 60), (7, 6, 60), (8, 6, 60)], '8,5,144~8,8,144': [(8, 5, 78), (8, 6, 78), (8, 7, 78), (8, 8, 78)], '7,7,164~7,9,164': [(7, 7, 89), (7, 8, 89), (7, 9, 89)], '1,6,1~1,8,1': [(1, 6, 1), (1, 7, 1), (1, 8, 1)], '2,2,178~3,2,178': [(2, 2, 97), (3, 2, 97)], '9,5,208~9,8,208': [(9, 5, 112), (9, 6, 112), (9, 7, 112), (9, 8, 112)], '3,5,180~3,8,180': [(3, 5, 97), (3, 6, 97), (3, 7, 97), (3, 8, 97)], '0,7,183~0,9,183': [(0, 7, 98), (0, 8, 98), (0, 9, 98)], '7,4,23~8,4,23': [(7, 4, 11), (8, 4, 11)], '2,8,295~3,8,295': [(2, 8, 162), (3, 8, 162)], '0,2,194~0,5,194': [(0, 2, 104), (0, 3, 104), (0, 4, 104), (0, 5, 104)], '2,7,32~4,7,32': [(2, 7, 17), (3, 7, 17), (4, 7, 17)], '4,8,4~4,8,7': [(4, 8, 4), (4, 8, 5), (4, 8, 6), (4, 8, 7)], '7,2,87~7,5,87': [(7, 2, 49), (7, 3, 49), (7, 4, 49), (7, 5, 49)], '7,3,263~7,4,263': [(7, 3, 141), (7, 4, 141)], '5,4,279~5,7,279': [(5, 4, 150), (5, 5, 150), (5, 6, 150), (5, 7, 150)], '2,0,6~2,2,6': [(2, 0, 3), (2, 1, 3), (2, 2, 3)], '0,1,248~0,3,248': [(0, 1, 131), (0, 2, 131), (0, 3, 131)], '6,3,174~8,3,174': [(6, 3, 95), (7, 3, 95), (8, 3, 95)], '8,8,232~8,8,232': [(8, 8, 127)], '4,7,5~5,7,5': [(4, 7, 4), (5, 7, 4)], '2,7,1~4,7,1': [(2, 7, 1), (3, 7, 1), (4, 7, 1)], '6,5,254~7,5,254': [(6, 5, 135), (7, 5, 135)], '9,5,318~9,7,318': [(9, 5, 175), (9, 6, 175), (9, 7, 175)], '2,1,67~2,3,67': [(2, 1, 35), (2, 2, 35), (2, 3, 35)], '2,1,213~2,3,213': [(2, 1, 114), (2, 2, 114), (2, 3, 114)], '9,3,288~9,6,288': [(9, 3, 155), (9, 4, 155), (9, 5, 155), (9, 6, 155)], '7,8,113~9,8,113': [(7, 8, 62), (8, 8, 62), (9, 8, 62)], '0,5,25~2,5,25': [(0, 5, 12), (1, 5, 12), (2, 5, 12)], '1,0,175~3,0,175': [(1, 0, 96), (2, 0, 96), (3, 0, 96)], '5,9,55~8,9,55': [(5, 9, 27), (6, 9, 27), (7, 9, 27), (8, 9, 27)], '9,2,147~9,5,147': [(9, 2, 81), (9, 3, 81), (9, 4, 81), (9, 5, 81)], '4,1,274~4,4,274': [(4, 1, 150), (4, 2, 150), (4, 3, 150), (4, 4, 150)], '7,3,137~7,6,137': [(7, 3, 73), (7, 4, 73), (7, 5, 73), (7, 6, 73)], '1,6,202~1,6,204': [(1, 6, 109), (1, 6, 110), (1, 6, 111)], '9,3,52~9,5,52': [(9, 3, 28), (9, 4, 28), (9, 5, 28)], '8,1,269~8,3,269': [(8, 1, 143), (8, 2, 143), (8, 3, 143)], '1,1,214~1,2,214': [(1, 1, 114), (1, 2, 114)], '7,1,92~7,3,92': [(7, 1, 52), (7, 2, 52), (7, 3, 52)], '4,1,244~4,3,244': [(4, 1, 130), (4, 2, 130), (4, 3, 130)], '3,2,228~4,2,228': [(3, 2, 119), (4, 2, 119)], '7,8,190~7,8,193': [(7, 8, 104), (7, 8, 105), (7, 8, 106), (7, 8, 107)], '7,1,28~7,3,28': [(7, 1, 14), (7, 2, 14), (7, 3, 14)], '7,5,287~7,6,287': [(7, 5, 155), (7, 6, 155)], '6,1,233~6,1,234': [(6, 1, 128), (6, 1, 129)], '7,5,174~7,8,174': [(7, 5, 96), (7, 6, 96), (7, 7, 96), (7, 8, 96)], '5,7,33~7,7,33': [(5, 7, 17), (6, 7, 17), (7, 7, 17)], '1,1,286~1,3,286': [(1, 1, 156), (1, 2, 156), (1, 3, 156)], '4,7,169~4,9,169': [(4, 7, 92), (4, 8, 92), (4, 9, 92)], '6,3,165~6,5,165': [(6, 3, 92), (6, 4, 92), (6, 5, 92)], '9,3,179~9,5,179': [(9, 3, 98), (9, 4, 98), (9, 5, 98)], '3,4,135~5,4,135': [(3, 4, 72), (4, 4, 72), (5, 4, 72)], '5,5,96~5,7,96': [(5, 5, 52), (5, 6, 52), (5, 7, 52)], '5,5,227~5,8,227': [(5, 5, 124), (5, 6, 124), (5, 7, 124), (5, 8, 124)], '6,5,138~7,5,138': [(6, 5, 74), (7, 5, 74)], '0,3,189~0,5,189': [(0, 3, 102), (0, 4, 102), (0, 5, 102)], '5,8,212~7,8,212': [(5, 8, 113), (6, 8, 113), (7, 8, 113)], '4,3,176~4,5,176': [(4, 3, 97), (4, 4, 97), (4, 5, 97)], '2,5,298~3,5,298': [(2, 5, 165), (3, 5, 165)], '1,9,82~4,9,82': [(1, 9, 45), (2, 9, 45), (3, 9, 45), (4, 9, 45)], '1,7,132~3,7,132': [(1, 7, 72), (2, 7, 72), (3, 7, 72)], '6,4,74~7,4,74': [(6, 4, 44), (7, 4, 44)], '4,2,155~6,2,155': [(4, 2, 84), (5, 2, 84), (6, 2, 84)], '5,6,219~5,7,219': [(5, 6, 115), (5, 7, 115)], '5,0,145~7,0,145': [(5, 0, 76), (6, 0, 76), (7, 0, 76)], '4,7,141~4,9,141': [(4, 7, 79), (4, 8, 79), (4, 9, 79)], '2,7,65~2,9,65': [(2, 7, 35), (2, 8, 35), (2, 9, 35)], '1,3,71~1,4,71': [(1, 3, 37), (1, 4, 37)], '0,0,137~0,3,137': [(0, 0, 73), (0, 1, 73), (0, 2, 73), (0, 3, 73)], '6,5,111~8,5,111': [(6, 5, 62), (7, 5, 62), (8, 5, 62)], '0,6,195~4,6,195': [(0, 6, 105), (1, 6, 105), (2, 6, 105), (3, 6, 105), (4, 6, 105)], '3,1,7~3,3,7': [(3, 1, 3), (3, 2, 3), (3, 3, 3)], '8,7,286~8,9,286': [(8, 7, 151), (8, 8, 151), (8, 9, 151)], '5,0,40~5,3,40': [(5, 0, 19), (5, 1, 19), (5, 2, 19), (5, 3, 19)], '3,6,255~6,6,255': [(3, 6, 135), (4, 6, 135), (5, 6, 135), (6, 6, 135)], '4,8,126~4,8,127': [(4, 8, 70), (4, 8, 71)], '8,8,75~8,9,75': [(8, 8, 42), (8, 9, 42)], '9,4,225~9,5,225': [(9, 4, 122), (9, 5, 122)], '4,7,129~4,7,130': [(4, 7, 71), (4, 7, 72)], '0,6,79~0,9,79': [(0, 6, 43), (0, 7, 43), (0, 8, 43), (0, 9, 43)], '1,3,24~1,5,24': [(1, 3, 11), (1, 4, 11), (1, 5, 11)], '2,9,172~5,9,172': [(2, 9, 93), (3, 9, 93), (4, 9, 93), (5, 9, 93)], '4,1,118~6,1,118': [(4, 1, 65), (5, 1, 65), (6, 1, 65)], '5,1,149~7,1,149': [(5, 1, 82), (6, 1, 82), (7, 1, 82)], '8,2,291~8,4,291': [(8, 2, 157), (8, 3, 157), (8, 4, 157)], '6,8,73~6,9,73': [(6, 8, 40), (6, 9, 40)], '8,4,173~8,5,173': [(8, 4, 97), (8, 5, 97)], '2,4,29~2,6,29': [(2, 4, 14), (2, 5, 14), (2, 6, 14)], '8,4,171~8,6,171': [(8, 4, 96), (8, 5, 96), (8, 6, 96)], '7,5,145~9,5,145': [(7, 5, 79), (8, 5, 79), (9, 5, 79)], '8,4,176~8,6,176': [(8, 4, 98), (8, 5, 98), (8, 6, 98)], '4,6,193~4,8,193': [(4, 6, 103), (4, 7, 103), (4, 8, 103)], '3,2,151~3,4,151': [(3, 2, 82), (3, 3, 82), (3, 4, 82)], '4,5,72~4,6,72': [(4, 5, 38), (4, 6, 38)], '4,8,1~4,8,3': [(4, 8, 1), (4, 8, 2), (4, 8, 3)], '9,1,31~9,4,31': [(9, 1, 15), (9, 2, 15), (9, 3, 15), (9, 4, 15)], '7,8,303~7,8,306': [(7, 8, 165), (7, 8, 166), (7, 8, 167), (7, 8, 168)], '5,4,70~8,4,70': [(5, 4, 42), (6, 4, 42), (7, 4, 42), (8, 4, 42)], '5,3,246~5,6,246': [(5, 3, 130), (5, 4, 130), (5, 5, 130), (5, 6, 130)], '4,3,311~4,5,311': [(4, 3, 168), (4, 4, 168), (4, 5, 168)], '2,4,243~4,4,243': [(2, 4, 129), (3, 4, 129), (4, 4, 129)], '6,9,285~6,9,286': [(6, 9, 151), (6, 9, 152)], '1,2,252~1,5,252': [(1, 2, 133), (1, 3, 133), (1, 4, 133), (1, 5, 133)], '1,7,284~4,7,284': [(1, 7, 154), (2, 7, 154), (3, 7, 154), (4, 7, 154)], '2,3,206~4,3,206': [(2, 3, 110), (3, 3, 110), (4, 3, 110)], '9,3,301~9,4,301': [(9, 3, 162), (9, 4, 162)], '1,6,287~1,9,287': [(1, 6, 157), (1, 7, 157), (1, 8, 157), (1, 9, 157)], '9,6,114~9,9,114': [(9, 6, 63), (9, 7, 63), (9, 8, 63), (9, 9, 63)], '4,7,266~7,7,266': [(4, 7, 140), (5, 7, 140), (6, 7, 140), (7, 7, 140)], '5,6,313~6,6,313': [(5, 6, 169), (6, 6, 169)], '5,3,247~8,3,247': [(5, 3, 131), (6, 3, 131), (7, 3, 131), (8, 3, 131)], '6,6,212~6,6,215': [(6, 6, 113), (6, 6, 114), (6, 6, 115), (6, 6, 116)], '6,3,75~8,3,75': [(6, 3, 44), (7, 3, 44), (8, 3, 44)], '3,5,140~3,7,140': [(3, 5, 74), (3, 6, 74), (3, 7, 74)], '2,3,151~2,5,151': [(2, 3, 82), (2, 4, 82), (2, 5, 82)], '6,8,210~6,9,210': [(6, 8, 111), (6, 9, 111)], '6,9,168~6,9,170': [(6, 9, 92), (6, 9, 93), (6, 9, 94)], '5,2,81~7,2,81': [(5, 2, 46), (6, 2, 46), (7, 2, 46)], '8,0,177~9,0,177': [(8, 0, 98), (9, 0, 98)], '2,3,174~2,3,175': [(2, 3, 95), (2, 3, 96)], '0,7,292~0,7,294': [(0, 7, 160), (0, 7, 161), (0, 7, 162)], '2,1,286~4,1,286': [(2, 1, 155), (3, 1, 155), (4, 1, 155)], '0,2,177~0,3,177': [(0, 2, 97), (0, 3, 97)], '9,2,38~9,4,38': [(9, 2, 19), (9, 3, 19), (9, 4, 19)], '2,6,242~2,6,243': [(2, 6, 126), (2, 6, 127)], '5,3,177~6,3,177': [(5, 3, 96), (6, 3, 96)], '3,5,38~3,5,40': [(3, 5, 19), (3, 5, 20), (3, 5, 21)], '0,0,29~1,0,29': [(0, 0, 17), (1, 0, 17)], '5,0,150~5,0,151': [(5, 0, 82), (5, 0, 83)], '1,9,179~3,9,179': [(1, 9, 96), (2, 9, 96), (3, 9, 96)], '7,8,234~7,8,235': [(7, 8, 128), (7, 8, 129)], '3,5,238~4,5,238': [(3, 5, 124), (4, 5, 124)], '2,6,224~2,8,224': [(2, 6, 120), (2, 7, 120), (2, 8, 120)], '9,1,270~9,3,270': [(9, 1, 143), (9, 2, 143), (9, 3, 143)], '0,6,199~0,8,199': [(0, 6, 108), (0, 7, 108), (0, 8, 108)], '6,8,268~8,8,268': [(6, 8, 140), (7, 8, 140), (8, 8, 140)], '1,6,85~1,8,85': [(1, 6, 46), (1, 7, 46), (1, 8, 46)], '0,1,211~4,1,211': [(0, 1, 113), (1, 1, 113), (2, 1, 113), (3, 1, 113), (4, 1, 113)], '8,9,17~9,9,17': [(8, 9, 9), (9, 9, 9)], '8,2,26~9,2,26': [(8, 2, 14), (9, 2, 14)], '8,8,20~8,8,23': [(8, 8, 10), (8, 8, 11), (8, 8, 12), (8, 8, 13)], '2,2,300~2,4,300': [(2, 2, 163), (2, 3, 163), (2, 4, 163)], '2,0,16~2,0,17': [(2, 0, 9), (2, 0, 10)], '8,4,156~8,6,156': [(8, 4, 83), (8, 5, 83), (8, 6, 83)], '3,0,129~3,1,129': [(3, 0, 69), (3, 1, 69)], '3,4,18~3,5,18': [(3, 4, 8), (3, 5, 8)], '4,6,69~4,8,69': [(4, 6, 37), (4, 7, 37), (4, 8, 37)], '5,3,274~5,3,275': [(5, 3, 150), (5, 3, 151)], '5,9,235~5,9,238': [(5, 9, 128), (5, 9, 129), (5, 9, 130), (5, 9, 131)], '2,1,7~2,1,9': [(2, 1, 4), (2, 1, 5), (2, 1, 6)], '7,3,293~8,3,293': [(7, 3, 158), (8, 3, 158)], '2,3,98~2,5,98': [(2, 3, 55), (2, 4, 55), (2, 5, 55)], '6,5,31~8,5,31': [(6, 5, 16), (7, 5, 16), (8, 5, 16)], '9,1,320~9,3,320': [(9, 1, 171), (9, 2, 171), (9, 3, 171)], '2,6,301~2,8,301': [(2, 6, 164), (2, 7, 164), (2, 8, 164)], '3,0,235~6,0,235': [(3, 0, 128), (4, 0, 128), (5, 0, 128), (6, 0, 128)], '6,4,38~6,6,38': [(6, 4, 18), (6, 5, 18), (6, 6, 18)], '1,2,180~3,2,180': [(1, 2, 98), (2, 2, 98), (3, 2, 98)], '0,3,61~3,3,61': [(0, 3, 32), (1, 3, 32), (2, 3, 32), (3, 3, 32)], '0,5,111~0,7,111': [(0, 5, 63), (0, 6, 63), (0, 7, 63)], '6,9,3~9,9,3': [(6, 9, 2), (7, 9, 2), (8, 9, 2), (9, 9, 2)], '8,5,35~9,5,35': [(8, 5, 17), (9, 5, 17)], '8,5,265~9,5,265': [(8, 5, 140), (9, 5, 140)], '3,3,215~3,4,215': [(3, 3, 115), (3, 4, 115)], '0,3,4~0,3,7': [(0, 3, 2), (0, 3, 3), (0, 3, 4), (0, 3, 5)], '6,1,97~6,2,97': [(6, 1, 56), (6, 2, 56)], '7,3,316~8,3,316': [(7, 3, 170), (8, 3, 170)], '6,4,302~6,6,302': [(6, 4, 164), (6, 5, 164), (6, 6, 164)], '3,7,126~5,7,126': [(3, 7, 70), (4, 7, 70), (5, 7, 70)], '2,2,189~5,2,189': [(2, 2, 102), (3, 2, 102), (4, 2, 102), (5, 2, 102)], '2,6,190~2,8,190': [(2, 6, 101), (2, 7, 101), (2, 8, 101)], '3,8,294~5,8,294': [(3, 8, 161), (4, 8, 161), (5, 8, 161)], '9,2,183~9,3,183': [(9, 2, 99), (9, 3, 99)], '6,6,135~7,6,135': [(6, 6, 72), (7, 6, 72)], '2,0,161~4,0,161': [(2, 0, 88), (3, 0, 88), (4, 0, 88)], '4,7,50~5,7,50': [(4, 7, 25), (5, 7, 25)], '9,1,296~9,4,296': [(9, 1, 159), (9, 2, 159), (9, 3, 159), (9, 4, 159)], '2,2,267~4,2,267': [(2, 2, 145), (3, 2, 145), (4, 2, 145)], '6,0,297~8,0,297': [(6, 0, 161), (7, 0, 161), (8, 0, 161)], '2,6,215~2,9,215': [(2, 6, 113), (2, 7, 113), (2, 8, 113), (2, 9, 113)], '6,9,283~6,9,283': [(6, 9, 150)], '2,5,10~2,7,10': [(2, 5, 5), (2, 6, 5), (2, 7, 5)], '0,2,232~3,2,232': [(0, 2, 121), (1, 2, 121), (2, 2, 121), (3, 2, 121)], '9,4,10~9,7,10': [(9, 4, 6), (9, 5, 6), (9, 6, 6), (9, 7, 6)], '0,7,145~0,8,145': [(0, 7, 77), (0, 8, 77)], '4,2,232~5,2,232': [(4, 2, 121), (5, 2, 121)], '7,2,27~7,5,27': [(7, 2, 13), (7, 3, 13), (7, 4, 13), (7, 5, 13)], '6,4,48~6,4,51': [(6, 4, 27), (6, 4, 28), (6, 4, 29), (6, 4, 30)], '7,6,144~7,8,144': [(7, 6, 78), (7, 7, 78), (7, 8, 78)], '7,7,36~9,7,36': [(7, 7, 18), (8, 7, 18), (9, 7, 18)], '6,6,223~6,6,224': [(6, 6, 121), (6, 6, 122)], '4,0,197~7,0,197': [(4, 0, 107), (5, 0, 107), (6, 0, 107), (7, 0, 107)], '6,7,36~6,9,36': [(6, 7, 18), (6, 8, 18), (6, 9, 18)], '6,5,105~6,5,106': [(6, 5, 59), (6, 5, 60)], '2,4,2~4,4,2': [(2, 4, 1), (3, 4, 1), (4, 4, 1)], '0,7,209~1,7,209': [(0, 7, 113), (1, 7, 113)], '7,9,129~9,9,129': [(7, 9, 73), (8, 9, 73), (9, 9, 73)], '1,4,264~1,6,264': [(1, 4, 141), (1, 5, 141), (1, 6, 141)], '9,8,194~9,8,196': [(9, 8, 105), (9, 8, 106), (9, 8, 107)], '1,1,303~2,1,303': [(1, 1, 165), (2, 1, 165)], '9,4,223~9,6,223': [(9, 4, 121), (9, 5, 121), (9, 6, 121)], '4,0,244~4,0,246': [(4, 0, 130), (4, 0, 131), (4, 0, 132)], '0,3,282~0,5,282': [(0, 3, 154), (0, 4, 154), (0, 5, 154)], '5,0,275~5,2,275': [(5, 0, 149), (5, 1, 149), (5, 2, 149)], '0,2,130~0,4,130': [(0, 2, 70), (0, 3, 70), (0, 4, 70)], '7,1,276~7,3,276': [(7, 1, 149), (7, 2, 149), (7, 3, 149)], '1,7,225~1,8,225': [(1, 7, 120), (1, 8, 120)], '0,4,261~0,7,261': [(0, 4, 137), (0, 5, 137), (0, 6, 137), (0, 7, 137)], '9,5,41~9,5,44': [(9, 5, 21), (9, 5, 22), (9, 5, 23), (9, 5, 24)], '5,3,287~5,3,289': [(5, 3, 154), (5, 3, 155), (5, 3, 156)], '6,8,312~8,8,312': [(6, 8, 170), (7, 8, 170), (8, 8, 170)], '2,5,43~3,5,43': [(2, 5, 22), (3, 5, 22)], '8,5,65~8,5,66': [(8, 5, 38), (8, 5, 39)], '1,0,306~1,0,307': [(1, 0, 166), (1, 0, 167)], '2,2,195~2,3,195': [(2, 2, 105), (2, 3, 105)], '3,7,263~5,7,263': [(3, 7, 139), (4, 7, 139), (5, 7, 139)], '2,0,192~2,2,192': [(2, 0, 103), (2, 1, 103), (2, 2, 103)], '9,2,269~9,4,269': [(9, 2, 142), (9, 3, 142), (9, 4, 142)], '6,2,265~9,2,265': [(6, 2, 140), (7, 2, 140), (8, 2, 140), (9, 2, 140)], '4,9,11~6,9,11': [(4, 9, 7), (5, 9, 7), (6, 9, 7)], '5,2,286~5,2,288': [(5, 2, 154), (5, 2, 155), (5, 2, 156)], '6,6,58~6,9,58': [(6, 6, 28), (6, 7, 28), (6, 8, 28), (6, 9, 28)], '5,4,165~5,7,165': [(5, 4, 90), (5, 5, 90), (5, 6, 90), (5, 7, 90)], '2,7,138~2,9,138': [(2, 7, 75), (2, 8, 75), (2, 9, 75)], '5,2,134~5,4,134': [(5, 2, 71), (5, 3, 71), (5, 4, 71)], '5,6,57~5,8,57': [(5, 6, 28), (5, 7, 28), (5, 8, 28)], '1,8,290~1,9,290': [(1, 8, 159), (1, 9, 159)], '2,1,287~2,1,287': [(2, 1, 156)], '5,1,68~7,1,68': [(5, 1, 41), (6, 1, 41), (7, 1, 41)], '5,1,237~5,2,237': [(5, 1, 127), (5, 2, 127)], '6,0,165~6,2,165': [(6, 0, 91), (6, 1, 91), (6, 2, 91)], '4,2,222~4,3,222': [(4, 2, 117), (4, 3, 117)], '1,0,181~1,2,181': [(1, 0, 99), (1, 1, 99), (1, 2, 99)], '8,1,29~8,3,29': [(8, 1, 15), (8, 2, 15), (8, 3, 15)], '3,1,21~3,3,21': [(3, 1, 12), (3, 2, 12), (3, 3, 12)], '5,0,171~5,0,174': [(5, 0, 93), (5, 0, 94), (5, 0, 95), (5, 0, 96)], '7,2,73~7,4,73': [(7, 2, 43), (7, 3, 43), (7, 4, 43)], '1,3,207~4,3,207': [(1, 3, 111), (2, 3, 111), (3, 3, 111), (4, 3, 111)], '8,3,77~8,4,77': [(8, 3, 45), (8, 4, 45)], '9,2,32~9,2,32': [(9, 2, 16)], '1,2,217~1,2,218': [(1, 2, 115), (1, 2, 116)], '3,5,146~3,7,146': [(3, 5, 80), (3, 6, 80), (3, 7, 80)], '3,5,309~3,7,309': [(3, 5, 170), (3, 6, 170), (3, 7, 170)], '5,7,149~7,7,149': [(5, 7, 81), (6, 7, 81), (7, 7, 81)], '6,6,210~7,6,210': [(6, 6, 112), (7, 6, 112)], '2,6,134~2,8,134': [(2, 6, 73), (2, 7, 73), (2, 8, 73)], '7,1,61~7,2,61': [(7, 1, 38), (7, 2, 38)], '5,6,317~9,6,317': [(5, 6, 174), (6, 6, 174), (7, 6, 174), (8, 6, 174), (9, 6, 174)], '5,7,47~5,8,47': [(5, 7, 24), (5, 8, 24)], '0,4,153~3,4,153': [(0, 4, 84), (1, 4, 84), (2, 4, 84), (3, 4, 84)], '1,3,280~1,6,280': [(1, 3, 152), (1, 4, 152), (1, 5, 152), (1, 6, 152)], '9,0,1~9,2,1': [(9, 0, 1), (9, 1, 1), (9, 2, 1)], '2,2,230~5,2,230': [(2, 2, 120), (3, 2, 120), (4, 2, 120), (5, 2, 120)], '0,9,186~0,9,190': [(0, 9, 99), (0, 9, 100), (0, 9, 101), (0, 9, 102), (0, 9, 103)], '9,5,54~9,5,56': [(9, 5, 29), (9, 5, 30), (9, 5, 31)], '3,1,239~3,4,239': [(3, 1, 124), (3, 2, 124), (3, 3, 124), (3, 4, 124)], '4,7,71~6,7,71': [(4, 7, 38), (5, 7, 38), (6, 7, 38)], '9,4,220~9,6,220': [(9, 4, 119), (9, 5, 119), (9, 6, 119)], '0,8,82~0,8,84': [(0, 8, 44), (0, 8, 45), (0, 8, 46)], '1,7,317~4,7,317': [(1, 7, 173), (2, 7, 173), (3, 7, 173), (4, 7, 173)], '6,0,65~6,1,65': [(6, 0, 40), (6, 1, 40)], '1,6,20~2,6,20': [(1, 6, 9), (2, 6, 9)], '3,6,257~5,6,257': [(3, 6, 136), (4, 6, 136), (5, 6, 136)], '3,3,218~3,3,219': [(3, 3, 116), (3, 3, 117)], '8,0,175~8,2,175': [(8, 0, 97), (8, 1, 97), (8, 2, 97)], '0,1,80~2,1,80': [(0, 1, 43), (1, 1, 43), (2, 1, 43)], '3,5,216~5,5,216': [(3, 5, 115), (4, 5, 115), (5, 5, 115)], '8,6,286~8,6,289': [(8, 6, 149), (8, 6, 150), (8, 6, 151), (8, 6, 152)], '8,0,196~8,1,196': [(8, 0, 106), (8, 1, 106)], '7,6,211~7,6,214': [(7, 6, 113), (7, 6, 114), (7, 6, 115), (7, 6, 116)], '1,3,150~1,5,150': [(1, 3, 79), (1, 4, 79), (1, 5, 79)], '5,1,305~5,2,305': [(5, 1, 165), (5, 2, 165)], '3,1,194~4,1,194': [(3, 1, 104), (4, 1, 104)], '0,0,142~0,2,142': [(0, 0, 75), (0, 1, 75), (0, 2, 75)], '7,4,90~7,4,92': [(7, 4, 50), (7, 4, 51), (7, 4, 52)], '4,3,125~7,3,125': [(4, 3, 67), (5, 3, 67), (6, 3, 67), (7, 3, 67)], '1,6,104~1,6,104': [(1, 6, 59)], '9,7,294~9,8,294': [(9, 7, 158), (9, 8, 158)], '0,0,173~0,3,173': [(0, 0, 93), (0, 1, 93), (0, 2, 93), (0, 3, 93)], '4,5,129~6,5,129': [(4, 5, 69), (5, 5, 69), (6, 5, 69)], '6,3,106~7,3,106': [(6, 3, 60), (7, 3, 60)], '5,0,278~8,0,278': [(5, 0, 150), (6, 0, 150), (7, 0, 150), (8, 0, 150)], '0,5,81~0,7,81': [(0, 5, 44), (0, 6, 44), (0, 7, 44)], '7,1,132~9,1,132': [(7, 1, 71), (8, 1, 71), (9, 1, 71)], '8,2,151~9,2,151': [(8, 2, 83), (9, 2, 83)], '9,1,185~9,4,185': [(9, 1, 100), (9, 2, 100), (9, 3, 100), (9, 4, 100)], '9,6,125~9,6,128': [(9, 6, 69), (9, 6, 70), (9, 6, 71), (9, 6, 72)], '5,6,248~5,6,249': [(5, 6, 131), (5, 6, 132)], '3,1,176~3,2,176': [(3, 1, 96), (3, 2, 96)], '5,3,72~5,5,72': [(5, 3, 44), (5, 4, 44), (5, 5, 44)], '3,5,205~3,5,207': [(3, 5, 110), (3, 5, 111), (3, 5, 112)], '5,4,170~8,4,170': [(5, 4, 95), (6, 4, 95), (7, 4, 95), (8, 4, 95)], '6,9,234~9,9,234': [(6, 9, 128), (7, 9, 128), (8, 9, 128), (9, 9, 128)], '0,0,261~0,3,261': [(0, 0, 137), (0, 1, 137), (0, 2, 137), (0, 3, 137)], '2,5,196~2,7,196': [(2, 5, 106), (2, 6, 106), (2, 7, 106)], '3,1,212~5,1,212': [(3, 1, 114), (4, 1, 114), (5, 1, 114)], '6,2,8~8,2,8': [(6, 2, 3), (7, 2, 3), (8, 2, 3)], '2,5,169~5,5,169': [(2, 5, 92), (3, 5, 92), (4, 5, 92), (5, 5, 92)], '6,2,240~9,2,240': [(6, 2, 129), (7, 2, 129), (8, 2, 129), (9, 2, 129)], '4,7,7~6,7,7': [(4, 7, 5), (5, 7, 5), (6, 7, 5)], '1,0,247~1,1,247': [(1, 0, 128), (1, 1, 128)], '3,1,67~3,2,67': [(3, 1, 36), (3, 2, 36)], '8,5,18~8,8,18': [(8, 5, 9), (8, 6, 9), (8, 7, 9), (8, 8, 9)], '4,2,20~4,5,20': [(4, 2, 12), (4, 3, 12), (4, 4, 12), (4, 5, 12)], '2,8,41~4,8,41': [(2, 8, 21), (3, 8, 21), (4, 8, 21)], '6,6,281~6,9,281': [(6, 6, 149), (6, 7, 149), (6, 8, 149), (6, 9, 149)], '2,0,241~2,2,241': [(2, 0, 125), (2, 1, 125), (2, 2, 125)], '8,7,13~8,9,13': [(8, 7, 6), (8, 8, 6), (8, 9, 6)], '9,0,87~9,2,87': [(9, 0, 49), (9, 1, 49), (9, 2, 49)], '2,4,3~2,7,3': [(2, 4, 2), (2, 5, 2), (2, 6, 2), (2, 7, 2)], '1,9,132~4,9,132': [(1, 9, 73), (2, 9, 73), (3, 9, 73), (4, 9, 73)], '2,1,24~4,1,24': [(2, 1, 14), (3, 1, 14), (4, 1, 14)], '5,6,270~7,6,270': [(5, 6, 144), (6, 6, 144), (7, 6, 144)], '5,8,296~7,8,296': [(5, 8, 162), (6, 8, 162), (7, 8, 162)], '2,2,239~2,5,239': [(2, 2, 124), (2, 3, 124), (2, 4, 124), (2, 5, 124)], '8,8,305~8,8,308': [(8, 8, 166), (8, 8, 167), (8, 8, 168), (8, 8, 169)], '0,0,192~0,4,192': [(0, 0, 103), (0, 1, 103), (0, 2, 103), (0, 3, 103), (0, 4, 103)], '9,3,258~9,5,258': [(9, 3, 137), (9, 4, 137), (9, 5, 137)], '6,0,173~9,0,173': [(6, 0, 94), (7, 0, 94), (8, 0, 94), (9, 0, 94)], '6,6,221~9,6,221': [(6, 6, 120), (7, 6, 120), (8, 6, 120), (9, 6, 120)], '0,8,119~3,8,119': [(0, 8, 66), (1, 8, 66), (2, 8, 66), (3, 8, 66)], '2,5,30~2,7,30': [(2, 5, 16), (2, 6, 16), (2, 7, 16)], '2,3,158~4,3,158': [(2, 3, 88), (3, 3, 88), (4, 3, 88)], '9,4,60~9,4,63': [(9, 4, 37), (9, 4, 38), (9, 4, 39), (9, 4, 40)], '4,9,110~6,9,110': [(4, 9, 62), (5, 9, 62), (6, 9, 62)], '2,6,316~6,6,316': [(2, 6, 173), (3, 6, 173), (4, 6, 173), (5, 6, 173), (6, 6, 173)], '7,6,276~9,6,276': [(7, 6, 146), (8, 6, 146), (9, 6, 146)], '2,7,27~2,7,29': [(2, 7, 13), (2, 7, 14), (2, 7, 15)], '5,6,51~5,7,51': [(5, 6, 26), (5, 7, 26)], '4,0,113~5,0,113': [(4, 0, 63), (5, 0, 63)], '0,4,68~0,4,70': [(0, 4, 36), (0, 4, 37), (0, 4, 38)], '2,0,50~5,0,50': [(2, 0, 24), (3, 0, 24), (4, 0, 24), (5, 0, 24)], '8,3,206~8,4,206': [(8, 3, 112), (8, 4, 112)], '6,1,62~9,1,62': [(6, 1, 39), (7, 1, 39), (8, 1, 39), (9, 1, 39)], '4,2,114~4,4,114': [(4, 2, 63), (4, 3, 63), (4, 4, 63)], '6,0,95~6,2,95': [(6, 0, 54), (6, 1, 54), (6, 2, 54)], '5,9,62~5,9,63': [(5, 9, 31), (5, 9, 32)], '6,7,188~7,7,188': [(6, 7, 103), (7, 7, 103)], '5,3,166~5,4,166': [(5, 3, 91), (5, 4, 91)], '2,9,198~4,9,198': [(2, 9, 105), (3, 9, 105), (4, 9, 105)], '0,1,26~2,1,26': [(0, 1, 15), (1, 1, 15), (2, 1, 15)], '2,0,211~4,0,211': [(2, 0, 113), (3, 0, 113), (4, 0, 113)], '3,2,271~6,2,271': [(3, 2, 147), (4, 2, 147), (5, 2, 147), (6, 2, 147)], '1,0,304~4,0,304': [(1, 0, 165), (2, 0, 165), (3, 0, 165), (4, 0, 165)], '4,9,147~7,9,147': [(4, 9, 81), (5, 9, 81), (6, 9, 81), (7, 9, 81)], '5,0,41~6,0,41': [(5, 0, 20), (6, 0, 20)], '6,2,163~6,4,163': [(6, 2, 90), (6, 3, 90), (6, 4, 90)], '7,5,195~9,5,195': [(7, 5, 106), (8, 5, 106), (9, 5, 106)], '6,6,53~6,9,53': [(6, 6, 26), (6, 7, 26), (6, 8, 26), (6, 9, 26)], '0,9,239~3,9,239': [(0, 9, 129), (1, 9, 129), (2, 9, 129), (3, 9, 129)], '1,0,3~1,0,3': [(1, 0, 1)], '1,7,307~3,7,307': [(1, 7, 169), (2, 7, 169), (3, 7, 169)], '0,4,302~1,4,302': [(0, 4, 164), (1, 4, 164)], '0,1,167~0,2,167': [(0, 1, 91), (0, 2, 91)], '0,6,219~0,9,219': [(0, 6, 118), (0, 7, 118), (0, 8, 118), (0, 9, 118)], '0,3,180~2,3,180': [(0, 3, 98), (1, 3, 98), (2, 3, 98)], '7,6,264~7,8,264': [(7, 6, 138), (7, 7, 138), (7, 8, 138)], '0,5,252~0,6,252': [(0, 5, 131), (0, 6, 131)], '5,2,30~7,2,30': [(5, 2, 15), (6, 2, 15), (7, 2, 15)], '9,0,94~9,1,94': [(9, 0, 54), (9, 1, 54)], '2,4,209~2,7,209': [(2, 4, 111), (2, 5, 111), (2, 6, 111), (2, 7, 111)], '1,0,283~1,2,283': [(1, 0, 155), (1, 1, 155), (1, 2, 155)], '3,3,156~5,3,156': [(3, 3, 86), (4, 3, 86), (5, 3, 86)], '4,3,318~4,6,318': [(4, 3, 174), (4, 4, 174), (4, 5, 174), (4, 6, 174)], '4,6,93~4,7,93': [(4, 6, 52), (4, 7, 52)], '0,9,317~3,9,317': [(0, 9, 173), (1, 9, 173), (2, 9, 173), (3, 9, 173)], '0,0,194~3,0,194': [(0, 0, 105), (1, 0, 105), (2, 0, 105), (3, 0, 105)], '7,7,198~8,7,198': [(7, 7, 106), (8, 7, 106)], '0,0,8~2,0,8': [(0, 0, 4), (1, 0, 4), (2, 0, 4)], '0,3,182~2,3,182': [(0, 3, 101), (1, 3, 101), (2, 3, 101)], '1,7,23~2,7,23': [(1, 7, 11), (2, 7, 11)], '3,3,152~3,3,154': [(3, 3, 83), (3, 3, 84), (3, 3, 85)], '8,1,106~8,3,106': [(8, 1, 60), (8, 2, 60), (8, 3, 60)], '4,2,156~6,2,156': [(4, 2, 85), (5, 2, 85), (6, 2, 85)], '9,1,176~9,2,176': [(9, 1, 96), (9, 2, 96)], '9,7,86~9,9,86': [(9, 7, 49), (9, 8, 49), (9, 9, 49)], '1,7,82~2,7,82': [(1, 7, 45), (2, 7, 45)], '7,0,170~9,0,170': [(7, 0, 93), (8, 0, 93), (9, 0, 93)], '4,8,42~5,8,42': [(4, 8, 22), (5, 8, 22)], '1,4,62~1,5,62': [(1, 4, 34), (1, 5, 34)], '0,1,128~0,3,128': [(0, 1, 69), (0, 2, 69), (0, 3, 69)], '1,4,142~4,4,142': [(1, 4, 75), (2, 4, 75), (3, 4, 75), (4, 4, 75)], '5,9,19~7,9,19': [(5, 9, 10), (6, 9, 10), (7, 9, 10)], '7,3,230~9,3,230': [(7, 3, 125), (8, 3, 125), (9, 3, 125)], '1,3,175~1,5,175': [(1, 3, 94), (1, 4, 94), (1, 5, 94)], '5,8,271~6,8,271': [(5, 8, 141), (6, 8, 141)], '9,9,152~9,9,154': [(9, 9, 84), (9, 9, 85), (9, 9, 86)], '3,6,120~3,8,120': [(3, 6, 67), (3, 7, 67), (3, 8, 67)], '6,3,90~6,6,90': [(6, 3, 50), (6, 4, 50), (6, 5, 50), (6, 6, 50)], '2,3,251~4,3,251': [(2, 3, 134), (3, 3, 134), (4, 3, 134)], '1,8,50~3,8,50': [(1, 8, 25), (2, 8, 25), (3, 8, 25)], '1,4,196~1,7,196': [(1, 4, 106), (1, 5, 106), (1, 6, 106), (1, 7, 106)], '4,8,12~4,8,15': [(4, 8, 9), (4, 8, 10), (4, 8, 11), (4, 8, 12)], '1,2,95~3,2,95': [(1, 2, 54), (2, 2, 54), (3, 2, 54)], '2,3,257~4,3,257': [(2, 3, 138), (3, 3, 138), (4, 3, 138)], '8,1,270~8,4,270': [(8, 1, 144), (8, 2, 144), (8, 3, 144), (8, 4, 144)], '2,8,284~3,8,284': [(2, 8, 154), (3, 8, 154)], '5,8,162~7,8,162': [(5, 8, 88), (6, 8, 88), (7, 8, 88)], '2,3,303~2,6,303': [(2, 3, 166), (2, 4, 166), (2, 5, 166), (2, 6, 166)], '5,1,25~5,3,25': [(5, 1, 13), (5, 2, 13), (5, 3, 13)], '7,2,49~8,2,49': [(7, 2, 24), (8, 2, 24)], '4,0,23~5,0,23': [(4, 0, 14), (5, 0, 14)], '3,1,41~5,1,41': [(3, 1, 20), (4, 1, 20), (5, 1, 20)], '2,0,249~4,0,249': [(2, 0, 133), (3, 0, 133), (4, 0, 133)], '1,1,137~4,1,137': [(1, 1, 74), (2, 1, 74), (3, 1, 74), (4, 1, 74)], '0,6,159~2,6,159': [(0, 6, 83), (1, 6, 83), (2, 6, 83)], '2,1,56~2,2,56': [(2, 1, 29), (2, 2, 29)], '4,2,283~6,2,283': [(4, 2, 152), (5, 2, 152), (6, 2, 152)], '7,5,148~7,7,148': [(7, 5, 80), (7, 6, 80), (7, 7, 80)], '3,1,66~3,4,66': [(3, 1, 35), (3, 2, 35), (3, 3, 35), (3, 4, 35)], '8,3,33~9,3,33': [(8, 3, 16), (9, 3, 16)], '6,0,234~8,0,234': [(6, 0, 127), (7, 0, 127), (8, 0, 127)], '0,4,202~0,6,202': [(0, 4, 109), (0, 5, 109), (0, 6, 109)], '6,6,31~6,9,31': [(6, 6, 16), (6, 7, 16), (6, 8, 16), (6, 9, 16)], '8,4,113~8,6,113': [(8, 4, 63), (8, 5, 63), (8, 6, 63)], '1,6,199~1,6,199': [(1, 6, 108)], '1,8,278~2,8,278': [(1, 8, 151), (2, 8, 151)], '6,2,93~6,4,93': [(6, 2, 53), (6, 3, 53), (6, 4, 53)], '9,6,196~9,6,199': [(9, 6, 106), (9, 6, 107), (9, 6, 108), (9, 6, 109)], '3,1,192~3,2,192': [(3, 1, 103), (3, 2, 103)], '2,6,5~3,6,5': [(2, 6, 3), (3, 6, 3)], '1,5,76~4,5,76': [(1, 5, 46), (2, 5, 46), (3, 5, 46), (4, 5, 46)], '8,3,149~8,3,151': [(8, 3, 81), (8, 3, 82), (8, 3, 83)], '4,8,38~6,8,38': [(4, 8, 19), (5, 8, 19), (6, 8, 19)], '4,7,287~4,8,287': [(4, 7, 155), (4, 8, 155)], '1,4,104~2,4,104': [(1, 4, 59), (2, 4, 59)], '3,8,75~6,8,75': [(3, 8, 41), (4, 8, 41), (5, 8, 41), (6, 8, 41)], '2,5,63~2,8,63': [(2, 5, 34), (2, 6, 34), (2, 7, 34), (2, 8, 34)], '9,1,195~9,1,197': [(9, 1, 106), (9, 1, 107), (9, 1, 108)], '0,4,183~3,4,183': [(0, 4, 98), (1, 4, 98), (2, 4, 98), (3, 4, 98)], '4,4,283~6,4,283': [(4, 4, 154), (5, 4, 154), (6, 4, 154)], '7,6,294~7,7,294': [(7, 6, 157), (7, 7, 157)], '3,2,145~5,2,145': [(3, 2, 79), (4, 2, 79), (5, 2, 79)], '6,5,257~6,6,257': [(6, 5, 136), (6, 6, 136)], '9,2,4~9,3,4': [(9, 2, 2), (9, 3, 2)], '4,1,289~5,1,289': [(4, 1, 156), (5, 1, 156)], '5,5,172~7,5,172': [(5, 5, 95), (6, 5, 95), (7, 5, 95)], '3,7,27~3,9,27': [(3, 7, 13), (3, 8, 13), (3, 9, 13)], '4,5,213~4,8,213': [(4, 5, 113), (4, 6, 113), (4, 7, 113), (4, 8, 113)], '5,8,168~7,8,168': [(5, 8, 90), (6, 8, 90), (7, 8, 90)], '3,0,231~6,0,231': [(3, 0, 126), (4, 0, 126), (5, 0, 126), (6, 0, 126)], '4,9,61~7,9,61': [(4, 9, 30), (5, 9, 30), (6, 9, 30), (7, 9, 30)], '7,8,7~8,8,7': [(7, 8, 4), (8, 8, 4)], '4,7,59~4,8,59': [(4, 7, 28), (4, 8, 28)], '5,9,44~6,9,44': [(5, 9, 22), (6, 9, 22)], '1,6,185~3,6,185': [(1, 6, 98), (2, 6, 98), (3, 6, 98)], '6,4,20~9,4,20': [(6, 4, 10), (7, 4, 10), (8, 4, 10), (9, 4, 10)], '3,4,301~3,6,301': [(3, 4, 166), (3, 5, 166), (3, 6, 166)], '0,8,288~3,8,288': [(0, 8, 158), (1, 8, 158), (2, 8, 158), (3, 8, 158)], '4,1,192~4,3,192': [(4, 1, 103), (4, 2, 103), (4, 3, 103)], '7,5,219~9,5,219': [(7, 5, 118), (8, 5, 118), (9, 5, 118)], '9,2,203~9,4,203': [(9, 2, 110), (9, 3, 110), (9, 4, 110)], '2,4,293~2,6,293': [(2, 4, 159), (2, 5, 159), (2, 6, 159)], '1,1,136~1,3,136': [(1, 1, 73), (1, 2, 73), (1, 3, 73)], '6,4,47~7,4,47': [(6, 4, 26), (7, 4, 26)], '8,0,84~8,2,84': [(8, 0, 48), (8, 1, 48), (8, 2, 48)], '1,6,228~1,6,228': [(1, 6, 122)], '4,8,124~6,8,124': [(4, 8, 69), (5, 8, 69), (6, 8, 69)], '8,3,159~8,5,159': [(8, 3, 87), (8, 4, 87), (8, 5, 87)], '4,2,85~7,2,85': [(4, 2, 48), (5, 2, 48), (6, 2, 48), (7, 2, 48)], '5,1,262~5,2,262': [(5, 1, 138), (5, 2, 138)], '4,7,195~6,7,195': [(4, 7, 104), (5, 7, 104), (6, 7, 104)], '2,7,68~4,7,68': [(2, 7, 36), (3, 7, 36), (4, 7, 36)], '4,0,22~4,3,22': [(4, 0, 13), (4, 1, 13), (4, 2, 13), (4, 3, 13)], '6,8,276~6,8,278': [(6, 8, 146), (6, 8, 147), (6, 8, 148)], '0,8,41~1,8,41': [(0, 8, 21), (1, 8, 21)], '8,1,108~8,1,108': [(8, 1, 61)], '0,7,43~2,7,43': [(0, 7, 23), (1, 7, 23), (2, 7, 23)], '8,2,15~8,5,15': [(8, 2, 8), (8, 3, 8), (8, 4, 8), (8, 5, 8)], '1,9,307~3,9,307': [(1, 9, 170), (2, 9, 170), (3, 9, 170)], '5,6,188~7,6,188': [(5, 6, 103), (6, 6, 103), (7, 6, 103)], '1,4,61~1,5,61': [(1, 4, 33), (1, 5, 33)], '8,6,303~8,8,303': [(8, 6, 165), (8, 7, 165), (8, 8, 165)], '0,2,164~2,2,164': [(0, 2, 90), (1, 2, 90), (2, 2, 90)], '5,7,186~5,9,186': [(5, 7, 102), (5, 8, 102), (5, 9, 102)], '1,2,233~1,5,233': [(1, 2, 122), (1, 3, 122), (1, 4, 122), (1, 5, 122)], '8,3,73~8,4,73': [(8, 3, 43), (8, 4, 43)], '4,8,80~4,8,80': [(4, 8, 43)], '3,2,235~3,5,235': [(3, 2, 122), (3, 3, 122), (3, 4, 122), (3, 5, 122)], '0,2,64~2,2,64': [(0, 2, 34), (1, 2, 34), (2, 2, 34)], '2,7,225~3,7,225': [(2, 7, 121), (3, 7, 121)], '1,7,223~4,7,223': [(1, 7, 119), (2, 7, 119), (3, 7, 119), (4, 7, 119)], '3,4,284~3,4,287': [(3, 4, 155), (3, 4, 156), (3, 4, 157), (3, 4, 158)], '7,4,175~7,7,175': [(7, 4, 97), (7, 5, 97), (7, 6, 97), (7, 7, 97)], '8,1,109~8,1,111': [(8, 1, 62), (8, 1, 63), (8, 1, 64)], '1,2,58~1,4,58': [(1, 2, 31), (1, 3, 31), (1, 4, 31)], '5,3,78~5,3,80': [(5, 3, 46), (5, 3, 47), (5, 3, 48)], '3,4,58~5,4,58': [(3, 4, 33), (4, 4, 33), (5, 4, 33)], '5,8,72~8,8,72': [(5, 8, 39), (6, 8, 39), (7, 8, 39), (8, 8, 39)], '9,6,53~9,7,53': [(9, 6, 29), (9, 7, 29)], '5,2,273~7,2,273': [(5, 2, 148), (6, 2, 148), (7, 2, 148)], '6,7,221~7,7,221': [(6, 7, 118), (7, 7, 118)], '4,2,298~4,2,299': [(4, 2, 161), (4, 2, 162)], '9,1,243~9,2,243': [(9, 1, 131), (9, 2, 131)], '2,7,127~2,8,127': [(2, 7, 70), (2, 8, 70)], '8,0,235~8,0,235': [(8, 0, 128)], '0,1,212~0,3,212': [(0, 1, 114), (0, 2, 114), (0, 3, 114)], '6,0,43~6,2,43': [(6, 0, 21), (6, 1, 21), (6, 2, 21)], '5,2,56~5,2,59': [(5, 2, 33), (5, 2, 34), (5, 2, 35), (5, 2, 36)], '2,7,144~2,9,144': [(2, 7, 77), (2, 8, 77), (2, 9, 77)], '7,4,50~9,4,50': [(7, 4, 27), (8, 4, 27), (9, 4, 27)], '5,5,93~9,5,93': [(5, 5, 51), (6, 5, 51), (7, 5, 51), (8, 5, 51), (9, 5, 51)], '7,5,273~7,8,273': [(7, 5, 145), (7, 6, 145), (7, 7, 145), (7, 8, 145)], '3,7,56~3,9,56': [(3, 7, 28), (3, 8, 28), (3, 9, 28)], '5,7,127~5,9,127': [(5, 7, 71), (5, 8, 71), (5, 9, 71)], '5,2,238~6,2,238': [(5, 2, 128), (6, 2, 128)], '2,3,17~3,3,17': [(2, 3, 10), (3, 3, 10)], '5,2,136~6,2,136': [(5, 2, 72), (6, 2, 72)], '4,3,261~4,3,264': [(4, 3, 140), (4, 3, 141), (4, 3, 142), (4, 3, 143)], '2,8,279~2,9,279': [(2, 8, 152), (2, 9, 152)], '2,0,145~2,2,145': [(2, 0, 76), (2, 1, 76), (2, 2, 76)], '5,6,111~5,7,111': [(5, 6, 62), (5, 7, 62)]}
