Answer part A 598416
959
Score 109213 at times: 70 227 
Score 113984 at times: 58 69 
Score 141252 at times: 93 244 
Score 174748 at times: 425 453 481 509 537 565 593 621 649 677 705 733 761 789 817 845 873 901 929 957 
Score 175560 at times: 165 427 455 483 511 539 567 595 623 651 679 707 735 763 791 819 847 875 903 931 959 
Score 177126 at times: 426 454 482 510 538 566 594 622 650 678 706 734 762 790 818 846 874 902 930 958 
Score 178974 at times: 424 452 480 508 536 564 592 620 648 676 704 732 760 788 816 844 872 900 928 956 
Score 180960 at times: 308 428 456 484 512 540 568 596 624 652 680 708 736 764 792 820 848 876 904 932 
Score 182268 at times: 423 451 479 507 535 563 591 619 647 675 703 731 759 787 815 843 871 899 927 955 
Score 184112 at times: 429 457 485 513 541 569 597 625 653 681 709 737 765 793 821 849 877 905 933 
Score 190022 at times: 422 450 478 506 534 562 590 618 646 674 702 730 758 786 814 842 870 898 926 954 
Score 190575 at times: 430 458 486 514 542 570 598 626 654 682 710 738 766 794 822 850 878 906 934 
Score 193572 at times: 421 449 477 505 533 561 589 617 645 673 701 729 757 785 813 841 869 897 925 953 
Score 194052 at times: 431 459 487 515 543 571 599 627 655 683 711 739 767 795 823 851 879 907 935 
Score 194959 at times: 413 441 469 497 525 553 581 609 637 665 693 721 749 777 805 833 861 889 917 945 
Score 196310 at times: 412 440 468 496 524 552 580 608 636 664 692 720 748 776 804 832 860 888 916 944 
Score 198912 at times: 414 442 470 498 526 554 582 610 638 666 694 722 750 778 806 834 862 890 918 946 
Score 199325 at times: 415 443 471 499 527 555 583 611 639 667 695 723 751 779 807 835 863 891 919 947 
Score 199525 at times: 420 448 476 504 532 560 588 616 644 672 700 728 756 784 812 840 868 896 924 952 
Score 200896 at times: 419 447 475 503 531 559 587 615 643 671 699 727 755 783 811 839 867 895 923 951 
Score 201588 at times: 432 460 488 516 544 572 600 628 656 684 712 740 768 796 824 852 880 908 936 
Score 202980 at times: 416 444 472 500 528 556 584 612 640 668 696 724 752 780 808 836 864 892 920 948 
Score 204174 at times: 417 445 473 501 529 557 585 613 641 669 697 725 753 781 809 837 865 893 921 949 
Score 205668 at times: 418 446 474 502 530 558 586 614 642 670 698 726 754 782 810 838 866 894 922 950 
Score 206397 at times: 433 461 489 517 545 573 601 629 657 685 713 741 769 797 825 853 881 909 937 
Score 208257 at times: 434 462 490 518 546 574 602 630 658 686 714 742 770 798 826 854 882 910 938 
Score 208750 at times: 407 435 463 491 519 547 575 603 631 659 687 715 743 771 799 827 855 883 911 939 
Score 208845 at times: 411 439 467 495 523 551 579 607 635 663 691 719 747 775 803 831 859 887 915 943 
Score 210022 at times: 409 437 465 493 521 549 577 605 633 661 689 717 745 773 801 829 857 885 913 941 
Score 210035 at times: 410 438 466 494 522 550 578 606 634 662 690 718 746 774 802 830 858 886 914 942 
Score 210397 at times: 408 436 464 492 520 548 576 604 632 660 688 716 744 772 800 828 856 884 912 940 
